22
2799
6244
6837
8855
8695
9820
660
9976
8158
1651
9292
974
5412
9993
5206
1021
9914
4966
9174
2435
1543
894
8741
9703
4966
2071
6313
4812
3596
6621
3946
8413
6950
2767
3632
7692
2026
2544
3083
8508
4781
5231
4955
6567
8969
3561
8885
870
8188
242
346
8431
4559
5218
7977
6820
5223
2488
16
3225
1750
4431
1843
2108
5870
6210
246
4464
5047
1705
4477
3412
8607
3212
5791
8783
1291
9007
1253
6194
6389
3092
1044
9000
2109
6870
5173
1121
4689
3014
7977
5254
5849
9289
3508
744
1092
8934
6402
8376
6880
4324
72
2795
4883
7575
6803
554
1584
2822
3324
4264
6585
3039
6654
4261
230
7228
2292
148
8876
1486
8691
9019
9943
6652
8110
3495
7942
8090
718
5127
4562
9094
6739
3497
5019
4886
4658
5396
3649
3957
6712
126
1737
3716
947
7554
6400
9498
6878
5777
3919
3706
9405
106
5241
7444
9260
1236
2452
5338
7169
1298
6025
3945
4198
4646
3760
9401
7480
3507
2813
3569
5088
5391
1748
1219
8589
1553
2381
8630
4843
7211
5020
8145
8253
5725
4626
9076
5116
7847
6686
1397
1023
828
7759
5073
2461
7896
3819
9342
4275
6422
5998
2979
3564
9585
3572
3472
2795
7248
8706
7774
4556
1102
6814
246
4625
1985
1365
1607
9342
6202
7199
8536
3465
4012
5939
9133
1036
8225
5362
2167
8245
2790
2939
8812
8616
8028
7880
9066
2622
1278
921
4337
1800
8695
6123
5122
3320
5430
3757
4295
7376
1939
7883
347
3828
3969
2246
5020
8685
1705
1574
8990
9449
9177
567
1725
1620
1479
5175
8458
4611
4765
6972
5521
1998
3631
5865
4169
4760
9559
9864
521
2473
4068
6743
2707
994
8879
6380
991
623
1680
7216
2003
8897
3860
3923
1548
6157
1721
5522
3576
1614
796
5766
9165
7637
4321
9960
8990
9280
9124
5532
8508
7347
6891
4897
8480
856
9530
4343
9996
5199
1624
6496
6756
5812
8389
233
313
5699
1653
8516
7341
9229
951
412
3259
8341
3460
765
4929
434
5110
1127
3926
3137
9541
1660
9380
6949
8318
4796
1704
9094
6694
3928
955
4959
6451
3046
3860
1542
8885
6865
1865
8601
3718
4003
1563
9676
8076
8314
1621
8058
5037
9101
1540
5058
2813
8623
2383
9299
7870
881
1692
624
7362
9911
4584
2530
1291
3853
2412
5715
3827
3731
5220
7635
6844
5163
2213
1
6434
3427
8832
7104
1781
4093
5508
2130
97
4417
2205
8122
6513
3652
8094
4315
9582
2805
4400
1308
1808
5920
2164
3064
5896
9089
4715
2113
8850
4296
8395
9574
85
9400
1765
8395
4495
7898
3022
2522
976
2498
1858
4065
429
5288
2456
8672
9194
5745
9745
8712
729
207
5572
2628
4999
8760
1188
5205
4757
4982
1729
4167
6006
6994
296
1920
4513
9410
4459
4048
1384
2069
7905
2218
1279
4985
3487
907
7467
5338
7049
8422
4413
6745
4001
6028
345
7074
603
5514
984
2833
6645
7722
3869
1018
8743
3914
4720
2660
4709
6751
8598
4461
1632
9728
3749
3849
1449
5162
1671
9696
9173
9500
402
246
4481
5152
6702
9751
2339
8425
7690
3813
4213
580
9105
718
6327
2443
384
9847
7488
5534
2771
3450
5222
4732
7779
6498
2509
9256
2761
2683
1289
172
149
5787
7746
6849
5514
9334
4792
8930
3526
8950
9139
1352
1882
5280
1708
7863
1299
7057
3275
4307
7629
9951
5693
6450
8268
7332
5607
2272
8877
3174
6708
6941
8114
882
8208
6926
5934
7613
3344
5591
8120
5264
7294
4090
7846
4513
1152
4730
7539
6847
2391
5067
7994
6327
2771
5801
9459
3818
7405
1467
2720
2684
890
8072
2785
1935
624
1144
9629
7352
1048
7358
2368
2012
7479
6923
9094
6226
1048
6717
2210
9488
6021
8493
6169
6166
8063
6101
2484
9549
5947
1091
2591
9093
5126
540
3023
9544
1145
8766
1961
5039
2757
2306
1857
9625
4018
6300
8777
5047
6239
4055
1059
9707
212
5669
9783
4738
2454
7234
4066
6742
6208
9451
538
7657
7326
6757
5224
4641
9357
5534
2650
4598
9806
3837
5136
6109
5454
236
9760
7639
1318
9379
9070
1013
278
2968
625
8164
2677
5880
2981
993
4067
3568
929
8117
3534
4744
1205
2424
6878
3531
3868
2911
3823
6643
9150
8892
1918
1495
2292
5842
1555
7468
1756
3357
3269
4549
4961
2476
9321
5687
7681
3786
6773
7486
1529
6945
3340
5931
446
9563
1554
6947
5671
1697
6499
8764
895
1389
4282
2209
1141
8655
3276
7411
6694
1613
5744
2317
510
4336
2937
1338
3835
4316
7233
2761
5290
1066
3850
2880
6280
9974
1432
2837
5338
1781
1712
3698
8394
6087
1983
597
5257
9985
7879
3574
4341
3082
6094
9194
5694
5173
5127
1205
4110
3685
474
6927
6521
2410
1572
4919
1834
8498
6506
3205
7557
4222
1740
2922
4646
4010
4795
9132
136
2792
3736
6527
6653
7975
1867
5528
457
6970
649
8783
3549
5657
5011
1696
9131
1785
1295
179
4825
3133
2676
3146
7460
5191
6629
1699
8457
7976
5425
8024
2725
4683
2522
3868
8517
8915
7916
3921
124
2563
3738
259
3669
6852
8539
3235
3571
2209
6898
3379
6121
7329
5357
4631
9886
3402
5481
5584
6092
8986
3902
2611
2535
8821
6664
6683
211
8813
2194
8857
3006
3265
5435
1673
7843
7811
3139
3472
2614
1849
4551
3252
4997
5441
1269
2330
2576
2083
5512
1015
9010
9931
9554
4704
8257
8442
2579
9138
3772
4820
4830
3370
9164
5027
6995
7375
1068
2415
2371
5133
7989
1817
8435
325
4936
7965
8510
8012
6968
537
3809
3359
8601
1067
1241
5662
3030
8852
438
1555
2818
359
6223
3767
1555
2509
7053
1810
9677
6027
1388
8890
6929
6814
6098
5421
2873
8051
206
8073
468
8896
1758
4723
7309
948
8721
4803
4419
4389
8636
936
7087
5393
7821
7052
9427
1394
1040
758
3256
8456
4346
2866
7426
7672
2027
9297
3302
8595
260
1299
4172
7845
2965
9231
7827
5294
7652
2498
6782
3665
6936
8491
7189
8299
7123
6419
8679
7246
343
8032
2193
1323
6200
3472
2311
1857
3308
9278
4459
3056
5626
7808
2060
2122
9228
7765
1912
7292
336
9957
1087
6525
7866
7847
4349
3817
4777
8373
5563
3185
4493
3790
8528
9188
4744
9377
6360
8329
3193
2915
8874
86
7433
4481
5639
8415
9519
3710
2970
9090
7655
8012
9280
8505
3247
2440
3335
4484
5896
1141
5992
299
940
2935
1037
5055
3011
6026
8988
332
4616
6772
3252
4048
8657
8057
6827
2706
8584
602
9319
5494
270
451
1482
7506
7896
2491
8203
5181
2982
5803
1975
397
9238
499
8544
6130
3775
854
8886
2572
4059
5760
8417
1781
625
6587
4911
156
5612
1570
6630
517
7783
4181
3444
1780
7387
2529
431
7646
5714
2226
6641
9329
5750
6044
8232
2083
117
9039
8575
9551
8308
549
3179
6062
1758
3435
3118
8458
8994
9606
6741
166
3335
402
4650
9060
9751
4700
3923
1342
8040
3129
6365
4529
3055
5046
4344
4351
9448
2382
5495
7195
9697
7987
7988
2353
1618
3963
1419
492
7911
7463
6992
1599
5676
5085
7482
3168
5546
5059
5901
2413
8093
4021
8547
468
5278
3905
7880
7943
9775
8470
565
272
7469
1730
9553
7355
6113
4761
25
3986
5699
3004
5369
4998
8539
6915
5164
6686
5100
4857
1440
5184
8372
2631
3754
2060
4873
2732
3907
3500
8653
9708
3572
1716
8436
4821
6033
8982
5855
2033
3422
8011
5151
3869
2145
4263
8558
3463
1837
4327
3342
9927
7138
6641
898
8257
4882
6262
7498
3112
188
8336
5444
6158
345
9109
2153
2471
4297
9211
2430
8213
5403
3260
7251
2208
4083
8256
2946
6197
4378
5606
430
2893
4883
2092
764
5482
4209
1933
7255
1502
1255
4193
579
6896
4316
626
5899
30
4782
6993
4305
185
27
9169
3707
7655
254
8129
1108
5580
5826
7139
3214
8094
3982
2729
5457
7529
9330
9454
6791
549
8107
7520
584
1915
7982
4915
5551
4683
294
3252
1713
4368
7885
479
7539
5754
694
2557
6009
1785
8915
4237
8458
9328
5536
4359
5012
6144
3762
9186
9635
2018
8763
8900
8730
1491
3087
9333
1934
5568
5656
3490
2558
4473
9669
4693
1759
8166
208
1992
7325
1168
1495
7813
8769
3542
2736
4812
1184
9241
1019
6167
1197
4107
4720
9033
7131
7160
3937
2133
2784
7341
1864
9240
3763
1820
1517
3854
2887
1552
9043
5129
4350
9440
3138
9214
8134
5200
6925
1437
5002
5867
8760
9044
9580
1457
7195
633
3400
1232
2954
6254
3711
2738
521
8217
393
7250
3356
7224
7161
402
6541
8228
2845
3834
7951
3899
159
3046
9581
219
4991
4621
3165
8762
4740
7393
2202
7168
899
4702
9080
2722
6928
447
1693
2234
4563
2052
5475
7703
988
5298
4407
1744
556
1981
3175
3032
3754
7859
72
8801
8895
9385
5557
412
4810
7770
3562
8296
1391
9069
866
9991
3593
4140
4783
4888
9935
4038
6242
4328
9304
811
7773
3342
5595
5456
5078
3930
6129
3668
4731
4359
9295
3897
310
1319
3446
5983
7983
5684
5604
81
8101
722
6865
3574
1173
7012
2772
1535
999
398
12
1784
9677
364
3505
3256
4937
5974
1580
1828
6287
7267
2227
1790
2854
115
1362
9292
9140
1989
798
7570
4293
199
4533
1461
4478
9749
2914
2236
7780
4133
6058
8447
3355
3308
8253
2135
8011
6742
7090
2382
2474
7725
9128
6242
7896
4511
2138
4434
4918
4826
569
3652
8293
2965
9930
9966
8265
7540
203
3509
8810
8776
2002
4243
3055
7381
7301
6066
2596
372
2334
137
2559
7108
9605
779
5563
1919
5461
7790
1490
2820
9492
5173
1856
8143
2408
1872
2456
9814
7612
8917
3145
9271
5485
4933
8913
7502
5511
895
6390
2335
2992
1563
8708
1997
6761
2935
725
145
3835
237
8400
964
5679
5302
9882
4857
8545
8169
2590
3679
6296
4547
6184
4060
9967
1201
3010
6791
9302
3034
3225
239
6594
9644
5283
6441
3049
4745
5125
7398
5073
7926
3715
4827
2211
2890
2274
8784
6951
2441
6696
5597
4100
757
4617
6976
2632
3611
7643
6338
4246
5487
3297
5370
4893
8463
9747
6910
1120
6089
5923
3740
998
6366
4510
525
9230
3153
3581
8792
843
8448
5304
3765
9532
7266
4230
6127
4372
7046
3676
4144
1061
3321
7581
6744
5271
3590
7961
7637
6001
270
6767
9415
8396
5048
8776
3854
4589
411
2688
1196
9629
989
9871
573
1040
1987
1778
5331
4924
6125
6504
5060
8762
4312
2208
7250
7574
1917
1094
8652
4710
2738
2327
4605
484
5374
4824
565
6267
7064
6458
5471
7164
5632
5411
9292
4216
5958
8347
9297
1458
4420
9949
175
8954
9026
1357
8782
5951
7862
458
7725
3966
6056
2906
8524
2021
5596
7517
3648
6857
5116
6673
5119
2268
2810
9675
4057
5386
9563
9514
9984
9883
339
9915
2605
5131
1766
1466
1915
6646
608
3943
111
2884
6161
2515
9639
2475
6117
3346
7158
5213
5312
8267
5696
7290
4308
7334
3028
5269
5920
7793
4567
5266
1403
8430
3814
7131
7436
1513
6439
7822
4767
95
6026
530
5946
1632
8761
9580
2585
4220
1640
9099
8027
3503
6903
2925
8145
6379
5910
2564
183
2957
7009
9301
3834
8236
929
8740
4941
302
4554
5345
4227
7327
8064
7390
908
9897
4346
7739
3676
9301
6118
2820
6870
3146
6154
7092
7209
615
4645
1624
4625
7089
955
2575
9449
1290
7836
4759
9741
1980
9256
7082
3750
7518
5784
4918
5954
1332
1736
5438
7238
5556
3820
4807
1893
2775
5133
4362
7669
8692
6326
2796
9930
2904
1927
3872
8155
3493
491
4463
1874
4239
771
3146
4037
8000
26
3622
3972
6271
6777
9947
1623
4994
3400
9867
5796
6886
6745
230
9467
4106
4655
6562
6588
4649
7590
5076
2864
5208
6329
9125
9896
2298
8471
6041
1798
2244
3808
4619
2036
9033
6890
1038
7845
6283
6053
8444
525
2740
8587
6533
7961
1175
6085
4656
7891
8742
7034
448
8132
3685
2961
2692
1346
2340
6232
8888
1734
3530
5117
1870
9961
1232
5167
623
7193
9836
3807
5960
1483
6319
1909
5723
2258
117
974
8806
1156
2959
5188
4162
3372
9404
3725
566
7791
3177
5427
5437
9690
4086
4408
3884
4815
6246
1122
7380
9100
1582
183
3457
9965
2628
6320
5214
7928
1327
6188
5861
1348
8321
8109
5741
594
9436
2239
8575
3429
309
5980
8453
2318
8005
9402
3346
3495
8500
7412
9165
8293
6977
3405
9701
2913
3498
5653
4112
3963
9844
558
844
7528
8433
4769
9721
6210
2559
2420
44
4745
668
8279
4473
6858
3150
3498
6503
444
7165
2428
7180
6497
5846
7364
4296
9047
5435
4688
4335
6568
2537
8257
7757
3863
2902
6205
6960
6782
3847
3789
7112
2664
5434
6385
3430
645
367
7971
3729
6393
6541
3170
5772
2065
8553
8375
4706
5526
7103
1936
3025
8269
7366
2876
8799
1308
2523
5755
2909
6983
6397
4887
1771
46
7562
1326
4350
2107
4637
8068
7672
81
6818
5074
6135
127
846
1061
3209
1794
5792
6210
3682
2780
6708
2946
4092
3838
5012
7747
9685
118
374
9036
9804
4153
4439
6467
8654
7679
8122
7199
2582
3449
2607
8878
2411
8223
8941
9730
7468
7770
7834
8482
3190
6264
9532
2476
7364
1833
2801
5903
3728
3311
2451
3601
8760
9831
644
1875
3849
4013
9785
436
6629
7373
482
8766
4938
3534
4372
248
4562
7837
446
6444
2163
2983
9512
2643
1053
305
7853
4010
7570
4171
376
4839
5576
4434
3678
1071
5613
2591
2279
4227
4595
845
7815
2149
8044
3437
4463
7418
2158
276
8603
541
9536
7924
4426
8002
3064
8587
5296
9260
2570
6149
5795
5458
8552
3476
9797
790
1641
5018
7570
1892
7593
1017
2776
8286
8523
8737
2864
5789
5016
8179
4120
9757
1043
1070
5031
3266
3733
5946
3011
2446
2519
8118
5446
3149
2965
7715
9291
5578
7403
6699
6599
3970
1294
700
3482
6654
2965
9139
2182
866
6471
1187
69
2399
589
4349
1392
3823
3649
8663
7582
7323
4698
193
9511
475
8913
3709
1079
6763
8776
7374
4431
8168
5486
9165
451
8206
5779
9255
4513
9164
6622
87
2002
2824
887
4807
7916
7895
3854
3026
4328
3860
3164
4851
9429
1700
3059
6605
6459
5690
9034
3562
7006
9539
1069
5022
8222
8817
3899
71
6227
785
3046
869
7447
4526
6199
6950
3671
8905
9046
7644
3420
2532
2734
6440
710
6358
9097
7461
6766
537
5160
7089
4742
2148
4858
5350
7027
9138
5422
3116
8506
6560
9302
8399
8987
1327
6519
7002
7884
8712
5314
9508
7914
9270
9504
6299
5210
9492
6429
1731
5891
920
6851
3849
8525
4782
2107
408
112
3914
630
5770
8887
5248
8405
624
5898
8459
312
9541
7493
2903
9822
6923
1391
7126
6674
5968
1632
9204
2159
3660
1806
5794
3273
8942
9606
2442
1154
7069
5724
3671
9082
352
9352
5585
9483
7017
1236
366
7632
1763
5261
7257
7445
5125
474
8314
7997
2757
4428
7053
7005
4770
8913
2370
9776
973
3757
1617
9034
768
4721
6954
3408
1124
2475
4878
5883
2936
4246
1654
3152
5507
9174
571
7995
7960
1835
8939
8679
3427
3361
8219
8527
9638
9405
5393
5871
4886
3942
9463
569
9705
3955
9245
2711
5847
3829
1360
272
1455
667
4249
9290
3665
8857
825
1488
1962
5948
5964
9587
8063
4415
7751
8870
7922
8408
4986
9945
5029
1837
8906
309
7564
657
4595
509
3393
5971
8782
900
3571
228
2515
1698
6521
9749
2314
4274
824
2103
5795
6472
3133
7062
8733
8164
7988
4099
8084
9549
8916
824
5226
9304
633
1805
9618
3064
8065
1926
3385
9166
6947
4498
4885
4550
7081
1363
8263
1849
382
2606
4311
4938
9067
993
3595
3798
7085
8078
3041
8418
437
7051
7764
2570
6991
3136
5881
5788
9684
1335
7728
2958
8440
9746
488
6327
641
844
8743
2532
6156
113
3611
4747
3772
4321
6759
3205
3899
9639
6760
6914
7783
5185
4976
1114
851
8815
3287
6797
7438
5012
1491
6991
9761
2040
7119
1873
5505
9537
8666
2421
5433
7675
1585
6628
6358
1244
7480
63
109
9218
378
1354
1108
3326
4904
9243
3607
5068
782
1778
8130
6774
9932
6447
154
4415
4768
352
6862
3769
3240
1222
2482
2990
3880
9503
3275
7158
788
1064
6480
4372
6397
3528
310
1528
8992
3188
3544
8001
497
9245
2788
3395
4997
4391
3301
8417
8060
7599
4266
815
9187
9066
6948
2138
558
5614
2500
5090
5893
4444
2269
8748
7900
2336
385
557
7797
428
1970
1850
6761
4938
9836
7515
8692
2496
2595
7441
4247
837
1983
1220
974
2316
4001
5076
8679
6356
9059
7432
2181
6127
9470
2212
6766
6695
4736
2105
40
7080
6935
9266
718
1228
943
1115
8818
6607
362
2576
4714
8894
778
4437
1728
5789
9331
4133
5258
3562
2906
5756
8862
5482
1139
450
3964
3009
9305
315
8161
9217
9042
3390
5790
1060
6962
9216
9409
5619
6529
5633
2835
443
5018
2700
535
2858
996
4269
4776
9336
7365
3474
4658
9475
8106
8173
1301
4709
2488
9083
2885
9037
2706
3555
2753
130
8695
6880
5707
3043
1525
9000
4540
5302
6327
360
6284
6294
1807
1737
1677
256
3934
2569
3592
9958
7605
8544
641
7710
2365
2027
3741
4945
7049
115
5674
8211
6678
3989
7064
806
4031
1887
1719
6220
4209
9603
6035
1602
3164
2339
8494
135
7959
8265
2390
440
2140
1629
6729
3339
8905
1490
4829
7563
1157
9365
5595
4394
1190
3320
6826
4358
2952
960
1857
2619
5091
4842
8563
8930
6983
8382
8952
382
4978
207
3481
1683
4116
3373
5340
1796
7803
7750
9494
2900
3588
8386
4773
3360
4794
9640
7705
9236
8564
9510
9138
5633
3732
6462
4575
7186
5846
4643
8877
2442
4694
9449
5024
6474
1474
2798
709
8460
4708
8622
4574
7126
6241
8118
8680
7991
6194
3466
3055
4328
325
3460
700
1060
1470
8132
1322
5936
4472
6860
7757
4320
1026
9480
4060
4598
169
8374
3683
742
6742
8210
595
5273
7865
6354
2085
3025
9856
2313
7153
8753
2783
238
1417
4416
576
2370
360
8149
7536
1380
9177
9179
3302
7664
8078
235
5798
7218
9157
1309
106
1436
1260
1252
4098
9740
441
8293
4785
5539
1100
7877
8941
7710
10
3890
333
5884
1851
5312
6081
7043
556
9389
4613
9664
4016
1706
7167
5614
9906
5087
2531
956
1318
5319
6340
1681
8887
6516
2311
5582
177
9431
5234
6265
7211
2455
5703
1284
7708
4491
9492
7447
7722
4524
9942
7484
2431
6082
374
7763
4031
186
9653
6896
4540
2859
2563
1128
4101
9319
5469
3891
7898
924
7506
2842
945
2995
9879
4258
4516
986
4973
1903
4177
8333
8513
1596
2362
6945
524
2899
6640
1827
4074
9781
1423
1696
3429
782
2988
5642
626
2160
5825
7436
8299
9476
5437
3943
5388
6830
2062
7540
1226
315
1694
3177
6690
207
2413
9460
133
3593
7282
3410
5121
6276
4846
9653
9550
5106
2845
2988
8262
9336
4702
8268
8376
7009
2218
4420
9586
7156
4868
222
2075
5371
9113
9640
6474
1231
6078
9668
6833
7020
7327
2752
4225
1648
7337
7088
1607
4232
9435
9976
7356
1771
7817
3968
1225
2254
4773
4484
5759
5701
7180
8419
6454
4346
2467
6044
7788
4948
8674
1092
5312
940
5246
6552
5900
431
3322
1074
9463
2277
7915
4673
18
4547
5960
7900
9050
1400
7259
1642
7535
103
968
5022
6180
3902
4404
191
7140
1506
9583
968
8265
994
7227
5691
815
7341
559
2390
888
1556
301
6698
1875
7317
5419
4663
667
7947
4975
3267
8605
6134
7373
2091
6563
3128
7080
434
6352
199
1811
2991
1087
3281
8141
9855
8782
8261
4387
8164
4679
3358
9321
4303
2696
9932
1090
2262
9025
4722
2939
6645
4974
1946
5479
6146
8333
950
1116
3572
9234
1436
8991
471
674
1490
4608
6224
7359
3928
68
6562
9072
7861
4175
1407
7391
7210
2618
5156
2487
9355
5432
313
7921
6557
8066
7047
7789
409
6953
3450
2927
2625
9709
625
9050
5505
4604
4246
2529
3979
1209
4963
9944
892
9478
5300
1271
3484
9978
265
1434
5988
1193
6570
2709
9957
6843
3286
9639
835
1970
7176
8577
2448
9284
346
1384
4055
2973
3398
1770
2027
3021
2041
7842
6315
6092
7818
573
3844
3447
4942
3231
3671
6348
8501
466
3130
5740
9490
8855
6896
4905
2321
5288
7683
7779
951
2085
1786
9960
4584
8884
4647
1654
7157
5866
641
8377
4751
7248
2204
4897
7607
6527
2383
5436
1415
3365
6773
5837
7084
7660
2000
6829
1453
9105
851
8711
6566
9589
4993
6718
4817
451
3817
4859
9837
708
2484
5791
4397
6272
4704
8070
6319
9917
4348
9595
8804
4334
3932
2954
6118
451
7804
7250
4418
4978
7193
8596
5804
8145
8525
8461
8763
1591
1910
4690
3619
4538
4241
1680
6509
8889
4253
4781
805
2076
7595
3416
4067
6554
8108
7973
9152
5732
1012
5712
9322
8659
6476
2581
8457
1832
5379
2129
48
3632
4753
6635
9697
336
3720
9963
9312
5921
7453
3357
4871
7052
4809
7593
2170
1795
4202
9511
8460
1941
7644
7431
3125
5889
2272
8765
7623
5276
209
9539
5414
4036
1536
5401
9519
3178
2891
3593
3674
4855
1299
1611
8743
9161
1976
241
4614
4513
1695
2067
6392
5697
4603
6586
7708
4463
8236
5360
3336
6883
6314
7503
6949
1759
1728
9570
5056
2020
6579
6036
5058
3474
1183
1278
711
6276
462
9701
1381
3416
2826
9485
113
2851
1944
4734
1231
6337
9672
3017
7306
5252
1133
9904
2087
1640
9907
5856
8797
3914
1233
8335
2915
7541
828
8063
3315
4882
7499
6782
2683
7426
9461
1707
9802
8439
291
8234
350
3378
2908
5684
2688
2429
632
4291
4918
7450
6808
3605
1984
8713
9604
1048
8944
8280
7053
8539
9901
4599
114
2324
914
8606
6354
3621
2010
1880
3260
6992
3428
6708
8091
6614
8998
4136
6794
5328
3880
6121
6645
9973
5257
9737
3059
5319
2491
3615
1865
511
4358
9075
7767
6071
2690
7831
928
9357
2167
8920
8562
8186
4586
5071
3007
6156
1255
1963
5073
7072
6760
659
9842
7502
7804
6803
879
9890
8650
863
8305
8063
5834
9588
3518
1922
812
9868
2397
7585
6568
693
6275
1308
6314
5711
5742
6059
3198
9293
4678
2899
5000
2352
6646
5615
8142
4424
7487
479
6428
7210
9299
1145
6913
7171
961
2641
3078
4719
8771
5523
7018
7652
9028
1135
1054
5656
7567
1739
6598
2708
7231
2396
8856
5393
186
9406
5279
7760
9594
8637
9626
2714
2129
9859
2960
3140
6169
1730
7778
8890
8894
7449
2812
4943
9350
9069
1038
2766
7601
3807
614
9020
8754
4811
1857
7075
696
4994
124
8348
4815
1590
4839
8165
9745
5429
9538
2449
6473
3682
1429
7012
8841
7323
8328
3716
307
6722
3877
2086
8009
4018
4804
4803
5716
2424
6113
109
1339
6009
6785
8377
9131
6178
8346
5160
7380
4799
2345
55
4552
7078
7814
8498
6572
5929
6064
4972
5171
8958
2084
8430
4194
2361
6490
6968
4711
8605
162
8067
5198
5543
585
2867
5792
531
1490
2119
9259
8676
4953
4438
4457
8226
1398
2113
3409
1030
699
6095
2813
9167
9137
7805
7699
521
7748
157
4805
107
5513
7825
6032
5422
1084
5793
4173
5241
638
9294
898
5347
1216
8428
1079
8723
6382
8597
1597
6655
4285
7771
2147
1834
5447
8011
6541
7757
8633
9763
3525
816
1406
4866
3719
1537
3460
7347
7615
6593
8579
7537
6893
2285
2524
1019
6939
319
4729
8171
7035
5103
5683
2227
7683
8444
1664
7286
1196
4814
8940
1786
1213
4045
135
5579
3173
7267
7059
6512
7181
8488
1852
394
6454
4873
9458
3749
8119
6946
9826
9636
47
4861
5464
2136
886
3892
8646
3213
7248
269
1886
480
2238
596
6573
8085
2553
6201
6341
2333
8735
8596
5226
6725
105
467
1500
3742
2900
2959
206
321
5050
2586
6414
8405
9427
9768
4754
6143
2588
4598
7409
7131
5661
8125
5794
3312
1717
10
1715
1573
6707
3989
1799
6628
3077
7444
1462
4852
9545
716
2141
3804
8550
3957
9503
8618
5452
305
6598
1008
994
8051
8463
4763
7369
5665
7077
4592
4281
6414
1418
4274
1476
5895
252
6538
8465
4173
4427
8704
4920
8965
9052
937
1726
2123
6246
1424
7164
2752
3564
5527
4879
576
9091
9394
5970
844
8439
2114
988
2279
9744
5423
5896
4713
5861
3608
5229
4843
7086
8152
2756
2721
7628
1876
5372
5006
63
8847
6457
1778
8246
6791
2239
2300
2263
9049
1239
9020
5101
3448
5627
8197
6892
6675
5915
3089
9443
3564
3514
3353
7006
8477
7654
1527
5099
1417
9991
9139
5394
8047
2809
3987
9289
3458
3870
3623
6245
1011
9852
1568
2022
4
6852
6816
6770
3388
5262
1692
8995
8644
197
6211
1195
4524
4400
6229
3197
7786
8756
6662
8753
7788
4619
1568
2581
8493
8010
2906
442
3296
3374
718
6834
6623
3334
9417
2363
2515
9895
1673
3859
8212
3417
2124
4894
5295
5694
1702
42
4440
8367
5624
6472
3268
1087
7426
8105
2602
5244
3502
3310
2982
7076
2152
2518
1117
4048
7330
3379
6088
7013
127
218
4072
4595
3053
5847
6927
1449
256
9797
2093
1393
1277
5747
4290
479
1892
5124
2047
5464
528
6501
7996
6679
2290
9421
9396
4025
8350
3630
3109
5499
9496
8330
7879
2964
9795
8017
9600
5135
2342
8080
3745
1913
7154
7764
7477
6778
7103
879
384
3984
8342
9701
7895
1030
897
1322
5939
8200
9071
6358
9208
4157
1627
7558
4888
823
6579
9692
7428
9236
9821
5949
7783
5376
3904
6285
4272
257
2170
5171
7813
3748
1015
4152
274
6536
8370
8672
4453
223
8697
5782
2820
7853
104
7464
6295
3753
2649
749
5528
4820
5735
4536
4084
7943
4676
2929
3787
3510
3852
5501
3380
3758
8889
3354
6165
746
1869
5896
2801
153
9066
4720
8849
4974
8005
5907
3303
6948
9324
1372
7915
7775
2042
3632
4663
6817
1488
62
9262
3263
9898
8894
5877
336
7344
5957
2133
2814
8013
1544
8905
1439
452
2450
5616
359
9910
9676
6834
1900
1886
3932
396
6977
1700
1729
8695
2497
7072
5781
5057
4396
3854
3199
4339
7568
2444
7996
9216
2603
4687
3308
6891
292
7913
1101
1445
6582
137
4280
6225
3023
4796
4473
5108
3467
9773
1672
6389
653
2022
6792
9432
4377
3346
6439
1558
6262
6630
1646
5326
3136
8350
7235
3925
3284
4769
3363
7777
3655
7669
9816
5232
6205
652
9510
9248
7233
4299
695
8324
8373
2017
2012
6758
6356
8732
4265
9664
3456
2659
67
959
3574
8010
735
1889
9493
3112
5484
5730
4943
8379
291
1046
30
6795
5376
1131
8522
1
694
9320
7576
8197
6532
8765
524
3368
8704
562
8001
8390
3380
7294
8266
362
7358
5148
1939
7129
9141
7539
697
426
111
8452
2184
9968
239
9877
1870
2238
8269
5317
3893
7312
1668
6296
6292
9353
986
7663
9910
1168
444
2199
6029
546
5623
7759
5743
7764
3205
9274
2899
489
1867
4056
7138
3517
5909
2981
4954
3024
6367
7243
6522
6409
6472
8230
3011
7327
7525
6782
405
2779
9607
4032
4442
8359
9343
7849
1250
3436
4385
3339
5865
4226
8041
4004
7157
2371
1247
6161
150
817
1107
3573
1874
9439
8858
8182
7719
2831
7825
1567
1420
6449
2305
2262
3279
6852
2009
5760
639
4838
8829
9514
5713
9743
8342
4212
9704
7017
6740
2164
5237
6391
4498
1453
3911
556
5725
7566
8459
9962
1226
7314
6569
3320
9384
4802
787
4240
5391
5036
292
5201
4776
8216
5587
2056
6339
7600
8729
3392
2823
6456
9258
7091
2639
2784
2856
5039
5163
6449
7872
2946
9897
3319
7267
5311
9757
3252
4523
1423
2707
5020
5856
9252
2930
3388
6797
2712
6630
333
6390
7174
8007
7259
8308
1771
4137
4254
2759
6591
1958
5078
4522
2570
8488
6086
2771
9593
8258
1611
2856
3891
6010
2776
1693
87
6789
3297
5136
1478
5334
8297
8655
1818
4276
9238
7854
9516
8308
8531
6366
6093
9495
9966
3405
1608
4370
9979
9386
5139
2319
8299
3488
327
4400
4456
5477
3363
7189
7426
4485
4282
4633
9332
2707
1004
5814
3698
9290
121
7127
5654
7452
1846
7416
3878
6361
1862
6978
888
1727
5502
7042
6235
5583
5895
4515
4909
2572
5091
1398
3428
5882
3503
2811
7082
5787
4535
9040
9192
8717
4040
8049
693
8617
8013
1357
7153
5189
6972
8803
7356
5314
8760
6646
3803
1359
4074
6733
2431
6632
9984
4270
7241
1140
4217
6180
5705
8274
299
5162
2947
4272
6250
9198
1616
1922
528
7856
3989
8982
8992
9528
3614
8759
9671
8919
5232
2377
7788
2577
7145
5957
8018
8261
4042
1146
360
7573
7565
2240
6952
8378
8393
7835
661
9245
5853
7149
4961
4082
1157
7399
8285
9156
4412
9742
5465
5758
1854
3120
6936
786
9909
890
6934
8744
6686
1939
944
7815
1784
8059
1874
6582
7828
4494
6292
4767
9246
9672
6716
1657
8438
6008
718
9384
4205
2739
3850
3759
3582
3603
3837
552
1922
6474
4040
641
7716
2235
999
3755
6858
4035
3085
7715
5781
8270
6137
3657
8000
3780
1041
8244
7948
5
8462
3962
4593
8382
337
9536
1541
8179
3210
5582
2406
2604
3153
4661
5041
1967
5030
7122
5211
5173
1821
4319
3998
2348
7808
8176
1944
9943
1857
5669
6580
8639
8584
836
2901
1035
3170
2919
932
9062
4385
2884
9131
542
3801
9454
6878
8750
9793
9935
2890
2803
5049
8039
3877
181
1472
8366
6479
1835
3608
6902
4869
165
3391
5431
8998
8301
5419
2737
2594
4693
6681
1302
8399
4760
1241
5255
3873
5934
3904
7212
5806
5504
6985
7724
4057
5416
6035
9717
9063
4355
5477
3091
5739
1042
5322
7863
7570
8449
4688
5867
6163
3089
9462
2894
7581
9765
2268
2648
2372
8006
7858
3300
7587
6577
6525
5614
1642
4842
3697
7956
3316
36
2146
239
6438
255
53
9155
15
5462
7813
3472
3021
3290
7811
9176
2791
3931
5866
1737
8677
3261
863
8430
9664
8199
7990
360
1318
5860
5211
8880
901
7535
7419
5945
67
7299
3098
2447
9337
927
6418
1594
2701
414
6900
2646
6953
3413
2378
7232
629
5198
2702
5665
5122
4582
9946
6762
8887
195
8898
7756
5620
5268
8201
9590
7354
8036
4601
3206
4646
1379
6389
2155
9664
3700
7669
1030
8409
5207
481
8539
3722
8730
8874
529
2636
2599
3020
4782
8380
8912
366
2685
8517
7134
7035
2022
8801
4202
5466
3367
4372
8968
9268
2939
9708
6802
6886
2193
202
8447
510
6070
3449
2961
769
8574
5240
4942
3349
5277
4674
3650
1686
4015
7374
6613
2249
1131
602
2669
9540
7695
145
9734
3270
2283
289
7533
7427
1768
5011
8075
9115
6567
7869
2024
1580
5616
3500
4271
6385
6101
9679
6731
2031
153
731
6478
9108
438
7427
791
8983
6533
462
9028
2678
4911
7240
3685
3741
7145
5649
4301
5667
4656
3954
7079
4777
2695
7050
6085
6335
3823
2951
7780
535
9150
8453
1210
9953
5454
8162
3667
590
481
3961
9640
9315
3847
4005
8005
8897
2012
926
7964
9993
8303
9559
9611
7254
4776
7291
9633
6758
2303
198
2433
6796
2646
8688
2566
1811
6575
397
2094
2861
3914
6780
5992
8866
1022
6511
5717
4649
8056
3848
1677
5097
5610
830
2659
725
5235
5723
7540
7068
412
8651
9740
6028
6386
9799
7355
3783
5433
2483
5680
6172
6886
4135
7804
1431
1807
3494
6103
7415
723
844
9042
8263
9043
7092
894
5345
872
4009
2125
1284
3362
6802
560
7562
6330
4877
2101
3565
6412
1075
5272
6136
9417
5990
2280
5079
7151
1669
7416
1578
7846
6296
8559
2249
3144
5501
3227
776
9178
6150
5017
4849
741
7781
3583
4174
9464
6898
4820
210
541
3823
6510
876
5249
1248
1937
2230
731
4201
1532
2235
5548
1906
6689
7315
9693
4547
8876
281
7484
1024
4547
2600
8161
1401
2337
4254
2369
3228
4744
3592
5925
8905
1346
8525
4436
4962
172
3383
5867
2356
4097
8787
4576
2153
4537
2253
9866
6232
4597
5797
1929
3016
1055
5898
6969
9065
3057
6677
7426
492
5648
3625
258
7259
7443
496
7870
6519
9239
2878
2047
1037
5495
6320
3128
7039
3678
572
4635
6812
6454
7092
5077
3789
757
9837
9445
3514
8156
677
4927
442
3886
5102
7722
9505
5526
7456
6029
4860
7822
6301
2300
8584
824
4890
2246
2785
6687
3539
6782
8675
6268
7310
1176
6758
9964
2831
3435
8497
1621
8710
7414
6682
18
9069
2560
2323
1111
3200
2108
3896
2400
6421
9896
8786
8262
8745
5280
1195
2500
9431
54
9679
2618
1815
7642
2708
4630
7662
306
4364
8659
2936
8271
537
8689
4908
294
613
9069
159
165
2787
1435
2126
1851
4511
3192
9139
190
494
4032
5338
5639
2281
1912
2047
142
266
3214
4612
4213
2202
5384
9323
9599
1012
7184
3856
996
5562
9821
378
90
458
7953
8049
7169
7579
7487
7873
2401
5616
7379
2741
1951
8249
9689
2672
2250
759
1904
1743
4965
9587
7080
8590
2180
1728
389
4312
5882
7723
833
6226
5441
3102
5750
8270
7282
9155
4265
110
8336
4285
7887
6996
4473
706
5233
8360
4677
9292
7475
5101
1135
5162
9742
6924
3364
4116
3343
8291
6270
5707
5420
917
8884
2679
2118
718
4742
7771
7005
7139
5181
8530
5369
8139
3244
5018
3182
6009
1227
4530
5752
3616
7558
9947
6946
2766
4877
9745
8804
3188
4184
3408
1157
5237
8633
2441
9590
7800
5204
8651
6301
6735
2133
5216
4016
3457
89
9439
2760
1998
2969
6854
3389
6384
9039
3143
1091
5221
3165
2424
5965
1457
6701
5007
9930
6511
8978
4812
3906
2328
890
2031
1764
2688
8154
643
8225
7061
9483
2452
5376
4087
8330
4146
8490
5715
6009
2816
7799
8549
3976
3774
5250
2079
2229
9575
7870
5948
2873
3053
5123
6162
9792
8185
4300
8706
2284
8779
6356
4445
7783
1742
9556
9139
4651
4867
8065
1490
2858
1566
5770
5322
3783
2868
8571
9926
7790
3470
5563
7149
1076
692
4064
6590
8223
358
5397
7935
5875
2460
2569
8378
5017
3377
4240
1175
1061
5529
5129
2068
2043
886
6276
8624
1429
9641
8114
9379
1765
9091
7074
8377
1976
5806
4643
9736
9406
3327
4638
7946
5207
8244
7956
3313
1808
5071
6471
8783
7416
5167
5079
3557
4886
2683
6232
1822
3877
5608
9225
1236
9012
5734
8441
6287
5804
905
2626
344
6477
8798
5302
1340
8481
7462
9456
32
4242
2617
1465
7954
6705
2338
2788
6715
599
258
6299
7681
2462
5893
9950
9261
1144
6815
2254
3127
1996
1215
3202
4856
6929
1814
633
9952
6141
4442
3760
9614
638
4993
6003
9165
7061
7758
7902
4082
5243
4593
2288
3679
7860
1031
8701
8151
1362
7323
9839
4323
4956
3650
173
7823
4995
4305
5752
7603
6936
656
7920
1442
8711
1557
2328
6383
9103
5138
3014
8564
1063
1169
2163
7735
3899
7909
1028
8710
1482
293
599
6577
19
9077
4174
7597
3015
420
2396
793
7318
627
7093
5651
4053
2535
7242
4610
6405
3060
3280
4102
9289
724
9296
5840
1751
5871
195
5515
8620
7340
3283
4703
1062
2838
921
8891
9976
3613
671
7435
4129
9456
80
4211
8518
7769
623
7492
6987
5348
1345
4567
6538
2993
3475
4691
7272
4134
898
4228
4375
2796
2249
341
6940
9635
9583
6175
9799
1205
9022
768
5522
6424
4451
6740
2857
2576
508
7487
7635
7858
5886
1509
9020
6541
9545
262
8434
7897
8431
45
4741
2426
3494
2933
8781
1267
7355
2376
2493
2555
130
271
5662
5604
1312
2224
3872
8348
8390
8551
8461
4561
3012
5512
616
2659
259
3819
6207
6811
5029
4699
6835
7402
5
7684
9344
4146
4730
7054
1836
1764
6131
177
1487
4997
2131
4668
3666
1331
1365
3837
2157
6317
2640
8854
630
7804
7064
8479
4444
5411
8428
4898
4188
392
4709
3911
3235
4255
1018
2014
1288
1545
8659
8226
6484
1596
9803
6820
4184
2920
5299
5315
2705
6189
5589
2571
6794
6278
1274
1854
1843
5902
3276
9026
7784
9096
588
9313
4589
7280
2988
4262
3210
4858
6054
4194
5151
9302
1174
6735
9848
5677
5110
2234
3087
689
7498
5116
5768
5271
3470
5992
5370
8570
9077
8514
1343
3235
1635
5399
4799
6195
3771
4230
5244
3685
2963
5405
1532
7066
106
3507
3015
3600
5002
7976
8928
1394
3766
8641
4022
8780
4660
2323
71
8891
2067
4530
3137
870
7730
4538
9601
5376
1356
4567
7533
8519
7384
6344
4911
9105
7080
9067
773
786
9853
354
6040
4342
2391
125
3544
644
3996
6066
8184
91
6079
9045
7739
6310
6839
6289
8649
809
876
7468
8484
8227
3336
9857
6046
741
7172
2673
4860
302
4663
8944
5762
8731
3222
1504
8421
6472
8557
3481
2487
3487
2722
7981
7829
7044
3575
2611
3357
8984
6482
6351
1368
137
7458
5682
8706
9542
9209
4718
451
9306
1939
1526
6362
157
8639
7567
8706
8977
6433
1820
5414
4279
9185
9820
1328
5810
7241
8060
2638
2163
4560
8752
3779
5299
434
1661
8213
4535
8662
6449
9168
5154
7920
1104
2517
3161
646
4239
7606
5750
8369
7804
4861
4038
7016
6290
753
4904
9472
8051
3666
9902
5755
615
2237
8875
2063
7957
3127
1517
8491
2533
2317
1292
3497
6055
4100
1547
9109
321
8897
5838
7300
8798
4386
5426
8233
673
2493
5637
8121
1824
4848
1540
6956
6398
7794
2463
7917
419
7183
3487
9125
6029
6979
899
6437
7903
6282
6924
5598
9315
6867
2268
4002
1150
2548
6537
6729
7398
3706
5722
2910
6729
4117
1417
7787
4
4335
2055
3164
7259
2199
7961
8837
1862
173
6775
6919
863
6773
1793
9480
3623
5128
6339
5249
7201
6644
9142
1608
5432
6987
9343
4075
6402
8069
1834
8125
1027
29
4187
5549
7807
6937
2941
3258
9479
1558
67
5456
3611
4391
3012
6069
2375
2558
8429
1595
2397
9894
8420
5825
5427
8330
9775
4938
8902
7479
3328
128
9375
1783
9585
6596
1641
6632
843
6070
5880
9598
4463
5501
8511
8003
4123
3793
5939
9187
7843
1701
5685
5183
905
6746
9857
8264
1451
9640
4428
7212
5651
221
590
5769
5020
8747
7354
7686
6478
215
8117
5183
1071
1674
2481
8151
496
8038
1886
9211
2697
1972
6777
4708
5586
937
638
7358
7513
9396
5146
342
3115
2048
7412
184
1568
4248
5990
5986
6502
5958
4005
4417
4458
6992
3747
8780
9824
4775
902
3959
4523
4098
9925
8326
9397
7358
7113
9498
3868
388
2446
1777
4949
4291
2309
7322
8924
5068
9026
6355
4024
257
9858
6393
8306
6788
6706
5161
7866
2257
5215
6305
1549
2229
5652
4288
8021
9372
5517
3867
7663
4790
8458
8824
3268
9949
5971
5408
7194
1621
1819
1017
3587
8680
6440
426
7894
1932
9148
5161
6024
3560
7259
6382
1302
6684
2230
8968
1671
4089
3419
2525
9509
4497
7159
962
3890
9981
7845
3586
5830
5765
5905
5678
9935
2147
3301
1237
5161
3064
1115
8866
7412
2590
3813
1998
805
7575
3238
7596
5597
531
1341
5613
9629
1236
8961
4430
5844
4604
8316
3922
8966
150
7048
7063
9613
8087
8893
9557
871
1661
1519
1834
3945
1238
1732
7906
8261
8220
6741
6446
3406
1597
2287
5401
9633
6140
1059
2748
8337
2472
1863
4683
2191
4580
5387
6990
9874
8870
132
9304
5051
3500
4518
736
6266
4013
237
2207
6638
6295
6234
2498
5708
8380
4425
9034
3892
6783
9393
698
9643
9958
1844
6042
6044
301
2414
4376
4444
8181
209
8048
7480
35
7686
1831
2224
878
195
7307
7962
4780
9970
3475
1764
9353
9238
3649
9780
436
7457
3465
2084
8816
4897
8128
8474
8365
8961
3777
2279
6250
2305
6187
6731
5392
8858
753
8486
9729
1320
9869
290
9288
8526
6722
2738
3006
4980
4512
5347
5582
2114
3525
5991
9140
4019
1796
4026
3751
2182
8919
5626
358
9397
5090
3590
9138
745
6999
704
6778
6077
5609
2
4376
9670
2482
6575
6416
5896
6591
1563
4543
5179
9189
1901
5800
9900
6847
9853
8964
8150
8933
7550
2840
6745
5055
8707
5733
6094
2179
1917
3636
721
9564
8937
6258
3916
7400
4478
6186
6451
7004
2770
4072
6604
2255
1458
2327
923
4327
8426
6625
3156
7443
2008
7593
2323
6527
1097
6532
4923
8648
3616
2018
4909
7958
1432
5283
1705
9162
1187
9933
9166
901
3069
7065
3448
4076
3608
6423
7115
1974
9248
6142
1993
318
2594
9769
2678
4664
5484
2773
8291
5137
6612
9740
880
1236
3786
6183
9893
2167
1445
2009
8841
369
2007
4680
4464
9086
259
1537
1678
4529
8626
7223
2788
8147
4617
7213
8596
5800
487
2197
1684
1401
1351
3261
4750
561
3606
4844
9069
8947
1349
8984
5475
3551
6190
368
1046
5147
793
8994
2942
7479
5713
2848
680
2772
3697
765
6194
6459
9971
8037
8174
7999
2912
9085
7873
3600
7559
1490
8049
6118
2367
6902
3876
8929
6670
9996
4601
2166
8191
5109
3909
1064
424
8026
8341
2367
141
9547
8116
8588
3076
1322
6886
7233
8107
8449
9804
7022
1665
1465
9971
3663
1602
768
880
9830
4712
3083
2415
1839
5069
5615
1419
953
854
4757
8576
2443
5236
5107
2024
5968
6340
2342
1228
6794
8932
96
9978
5839
2733
546
2320
9808
2279
110
1422
1939
9014
8488
8093
2703
7047
2638
2624
6233
2288
336
9455
4303
9784
8400
2706
4975
5577
1094
2435
7007
5671
1446
2056
7580
5568
3272
9946
7068
8612
1080
7614
8586
9645
1485
5594
3887
317
3581
3234
252
2760
9999
9075
9734
4849
6704
1492
6528
4444
3362
2873
2927
659
5664
5916
866
6724
8734
1705
9589
9227
6022
9110
5008
5103
979
9202
1723
6551
9317
5529
5837
9916
452
1768
1484
2602
7681
2522
5318
5727
3636
56
7896
5525
5290
148
8824
8633
8886
9021
5959
2028
3872
8652
104
1480
3219
2785
1019
9857
6169
7059
8743
6875
4236
4245
1627
3378
4747
1996
6214
9592
9333
1787
9492
660
5780
37
2573
6744
2953
1592
4396
3303
8037
9973
3636
7988
4062
7933
1352
4302
4248
9897
1961
4789
6611
5032
36
8825
4978
6454
5497
241
8336
4170
9389
8465
8053
6846
2796
5184
2984
424
4492
2285
7263
877
4735
4583
3932
1672
978
3783
4970
3028
4243
3317
1621
7386
8006
966
7255
6172
3868
1416
5684
462
6689
8033
8793
2862
305
7286
9323
153
539
2415
9661
9771
4487
2723
4557
3061
4968
7562
7087
9900
5931
8883
4228
5499
1770
6573
7248
6526
774
4893
1407
7682
7321
8710
1628
8841
7924
3563
8012
3302
6515
8065
7570
1954
3065
4990
62
2600
5557
9517
9746
4216
7655
5448
5122
1729
4911
9310
5096
9077
1569
5670
9686
540
4758
5100
960
5040
3810
4840
272
3839
4025
5783
7442
9094
5543
9694
3865
1599
767
6588
4057
6855
3389
6311
7012
3103
7425
1795
1006
7079
1983
8006
4832
9601
2188
1224
5297
6524
4737
9309
3126
5890
817
8566
856
5501
2248
2497
9932
4359
6596
7127
9536
4280
1761
2729
65
1778
8565
2211
3244
2892
8360
2157
8302
1358
616
6142
5396
1276
4333
2284
727
3922
7657
3870
4081
7297
3206
8405
121
601
707
7642
1206
7781
643
8177
9115
1554
5776
6209
8959
6857
9527
1473
4985
6083
3028
2736
1126
9332
3429
5866
2522
2682
371
6507
9264
2711
9560
8609
9919
4743
4321
6212
4816
8015
3236
511
3249
9707
3374
2292
8175
5335
7172
5301
9447
4058
8495
2863
5005
6596
9706
5612
5349
8608
8894
7722
4747
6910
6632
2033
8381
13
4213
4017
567
2261
6359
8683
7176
9973
8104
9253
3857
8344
4027
9002
2516
6043
6963
1066
3368
1052
792
5752
3447
4226
7442
3773
3492
6312
6421
8478
7563
5111
5364
9211
6307
9128
3748
596
1730
7915
5813
8170
6813
5289
9781
4386
4306
3514
2109
33
1281
9046
3145
1705
5941
5114
4649
2272
7095
2033
7124
1076
5860
8935
6970
5671
2193
859
1282
6598
5859
1756
3921
5092
7146
4307
2340
6978
3273
9886
4300
9532
6947
7478
4391
2204
7616
8754
8362
2121
8201
5271
4256
1150
7881
2170
1240
1658
1586
4974
1819
7640
210
8820
9042
8860
4086
1362
4670
9661
4138
7984
9756
9729
6318
9333
4958
4131
1780
6249
3610
928
3911
1520
6930
9125
1187
9402
8020
2551
5855
9971
9798
9063
8956
5289
3130
109
512
4829
7271
9338
1569
2816
5486
7500
4559
9408
3969
4803
9368
3197
3102
8968
4344
3503
2982
293
9856
231
2981
5361
4045
8790
1924
9855
2923
6183
1249
7867
7409
902
7807
9196
5963
8728
7714
3594
9296
9072
4718
8323
5016
5868
5493
9034
5432
760
3099
2047
1664
7402
852
847
3222
6846
5474
2127
3415
9426
7586
8691
3604
2632
8042
3971
3116
483
8799
1411
989
5836
5475
4498
2627
7911
1277
6871
5791
123
5638
2420
447
6375
4082
3107
3677
1330
8358
4201
4106
436
6895
8517
5160
1644
7916
8374
7072
7654
5194
3703
6189
4888
7436
2118
6535
3149
4592
6424
7823
6082
1818
385
2654
830
357
8622
1575
6464
7873
2251
9802
2967
9586
3013
1115
8094
6636
8811
3043
6460
6073
6265
8983
3581
448
3701
5676
6757
485
5939
5050
161
8096
8550
6624
6093
1748
4146
4013
5124
7712
3695
9246
162
1951
3591
1323
8710
3084
126
6253
6789
3275
3882
4248
2197
9116
4330
137
1434
7809
3995
2900
6388
7810
1919
7150
645
5140
1910
6127
2388
8242
5615
1568
2456
1408
3296
9281
2270
7038
3782
1922
8032
7020
4626
2341
5219
5595
9002
8259
4128
13
4532
1897
6040
1393
6899
3831
9383
2144
4440
8452
6251
2895
595
9721
5112
403
4039
579
1800
1578
3201
4126
4699
8921
7193
5871
2690
2780
1615
2866
8039
5895
3952
6755
3104
962
9603
8250
3286
8930
2664
6042
9171
6462
7612
1065
3959
8276
966
7424
6369
8481
3507
5008
8133
9404
3654
1939
6117
5260
3563
1601
7044
6083
9373
9245
8435
3745
5762
9245
4376
420
7678
5974
1689
7620
4642
661
6462
9634
3068
4166
970
9383
7934
2861
3950
5935
4952
8916
6894
7411
1788
400
7559
553
2202
7466
3036
6670
7509
4561
2763
1678
7150
927
5223
1998
3090
2477
9625
977
926
3513
1396
6707
4795
3807
8836
9986
2889
5439
4676
6830
4301
9196
6638
7573
7469
7312
841
8415
3902
3338
3294
6104
2151
7617
8001
564
1780
3587
8901
1380
9328
3753
6120
8995
3587
4496
4142
9117
832
9350
2877
5191
8390
5088
7219
3375
6308
2205
3853
1531
9701
5765
1060
4348
2662
4837
8604
9910
7071
6313
5017
2502
3784
8809
3166
592
4885
4091
7752
4847
1420
9924
6271
909
4136
6668
7160
4644
3919
5031
4902
4498
44
39
8372
9746
6227
960
3141
5402
3629
4116
8579
2661
7604
6075
6154
6830
5056
5116
7073
9677
7871
2492
2191
9230
2779
6877
6794
9559
967
784
4647
1379
2006
317
85
3387
9315
6148
6799
5177
2686
2499
6895
2682
420
4637
3169
5713
9080
4376
3817
180
6608
3913
9817
5495
392
9180
1634
5684
2618
5445
796
6027
5577
4915
3356
9241
6443
2147
9314
2661
1740
1218
8582
3355
7554
2636
8328
5394
1424
9792
2072
2488
4577
420
593
3104
9927
5804
1949
229
8563
9376
2642
1443
3977
1170
2214
2142
5523
5732
5602
6418
4197
7171
8238
1437
9475
9340
1283
7582
9927
5944
312
4921
4634
7701
7543
7377
9356
3605
2087
5791
2044
198
5663
7209
8501
7344
8211
2311
1761
511
1689
2053
5845
3999
4575
1582
8858
5275
9711
6224
9299
135
8861
4091
2094
4142
5208
8436
2803
6315
1567
8460
8807
8520
3601
8839
4051
5477
9936
9792
6706
2663
3348
6829
2635
1294
1570
1408
6658
5987
3259
761
8230
3631
505
5999
6130
7668
338
8616
4526
4704
6425
7097
3664
6167
604
7067
4904
3449
7513
521
7207
8292
6796
953
8254
801
6893
2508
1172
9256
5593
2211
6896
8023
5191
4118
6923
4379
6472
3504
192
7446
3680
1447
1599
2385
841
428
7336
2612
6256
8297
2778
7930
9944
8046
3277
6245
6289
9979
3174
546
3575
9796
2378
2465
5422
8666
3060
2156
6294
1034
7792
5287
2836
3871
4335
7932
7102
4541
4143
286
8254
2690
412
4043
8942
114
1964
1530
3095
4663
9146
6526
9443
5790
3997
2210
7402
7756
6853
9291
4077
9596
2302
9448
4810
2072
7897
7711
7951
5460
1417
6192
2328
3640
238
3228
2038
2017
2508
4729
762
678
6259
2980
621
6308
9209
1832
1503
6208
5570
2409
4037
1761
4596
2244
4656
1909
9177
9655
2793
2190
5851
3236
8388
7979
1883
2491
4140
8760
6282
4744
9914
1044
6826
8953
6058
6007
4024
2988
8202
6239
1682
2945
7689
5158
1953
9504
9281
7982
4576
7820
6568
2194
8895
865
1239
3707
4120
2669
3272
6095
6236
818
9801
6438
5292
4189
9407
8712
1036
4422
6067
3655
9016
3978
8980
2188
7119
5484
307
4572
5192
944
3424
4676
2816
8175
1241
3760
6004
1326
7755
3678
7231
1986
6734
9899
7139
9282
5986
7650
6006
2187
7082
245
7922
1028
875
1215
53
7136
1944
5164
4377
331
5722
6087
6566
9867
9810
8595
3456
4951
2831
8284
7974
7498
6616
1132
7883
3725
3655
8081
6661
4562
797
3034
667
9968
3258
3361
3906
1953
3705
6630
5075
6710
4172
6635
296
4123
683
7484
7917
3070
7210
3100
8421
9345
3377
8127
8597
2066
689
2774
2197
7971
3641
1611
6131
1337
7368
9691
4769
1142
7346
4728
618
1033
8685
7647
2139
1961
363
5109
8781
7074
5549
1109
1716
1154
1511
5924
8283
3650
4050
8010
1774
835
304
2612
2277
6900
7531
4005
1039
9035
1891
1532
4214
2883
2816
9151
3353
6639
6759
7927
6834
2016
1924
4851
6215
6240
202
6233
1398
1537
4948
9978
5867
9014
8136
4428
7928
709
5919
4654
7934
8387
9355
2307
6206
658
9999
9385
325
8850
9155
5848
9597
7744
2768
9174
9880
2510
462
6353
9007
7179
1265
3864
8754
5349
6830
4460
164
6742
1059
5776
7011
9497
8827
4026
3561
5050
7682
2083
6026
8449
8558
440
7376
9475
1573
6850
448
8206
5739
5408
1832
7781
4044
9019
6328
4046
4664
1215
9940
1048
8872
1578
9761
8433
4505
5774
7126
6456
1106
8135
7242
4413
3671
612
3393
3386
9058
2871
4158
8805
2581
3425
6949
9153
9749
3571
3675
4049
5425
6784
2245
8305
2279
4659
5122
440
5326
802
9734
1083
1744
7166
6652
9175
5386
5896
3818
572
5873
8357
5132
3381
8014
4486
1759
3674
4148
6996
4719
6963
2946
8477
3120
3960
9319
5201
4313
27
8534
178
1304
3431
7530
9992
2050
8741
3364
1813
9444
1405
6456
3939
4406
271
3445
7035
8382
5913
5501
9179
7336
5053
2041
5157
3659
7259
5506
687
6344
5147
543
818
182
704
5321
8027
6892
5029
859
9318
8336
2878
8668
3056
8247
825
7725
2569
5319
4444
7199
2828
246
5148
8116
6259
5475
6920
3048
6777
1920
5889
653
6694
5779
1447
1113
1118
4741
9676
46
8477
9048
9581
2412
7947
1794
306
7817
6113
7376
231
4033
9946
6734
5584
4248
7950
7176
6311
3803
1644
6962
4041
8533
5007
5595
1499
1114
6666
437
8687
2850
4365
7264
5502
8656
2323
6606
3630
4025
5051
5027
3379
8992
1126
146
411
8044
9244
4756
5602
9882
704
5579
4719
3474
5249
6487
9857
1661
8516
6543
6698
2289
4743
2708
1624
8203
5381
1069
8269
5272
6517
8497
1039
2606
1594
3779
9085
5943
938
7599
8307
9074
4786
3744
7768
952
6455
2765
783
4598
2549
8652
7467
4200
6425
9489
4343
1169
3847
3643
8459
4320
6093
7264
6933
6358
2505
7147
6087
8676
7242
2417
6672
3601
7324
9195
3695
6339
2246
5293
9058
5806
2045
7857
2612
6757
487
8073
5361
4853
7525
3572
3329
4141
2109
1839
7425
7256
7109
3393
4447
364
2882
6634
6849
3699
695
8492
5846
9164
3490
1453
1469
7044
4330
2658
4715
1730
1558
9329
7806
5811
6118
897
3115
5588
1268
7435
1652
9715
8385
650
5671
5808
2115
476
3494
5592
6166
1687
4945
3736
7952
8846
6059
2021
2611
4207
2976
1380
4575
1569
1663
8180
4156
716
356
5919
9557
9113
7134
9195
5043
2369
2193
1426
4299
7440
1409
1861
8388
9536
4207
6796
5406
639
5161
5773
9091
2365
4
4653
9446
1534
5430
8084
3670
4569
9182
5397
9107
3153
6980
4705
7927
4058
3299
9492
9202
221
2303
20
8888
6163
332
9069
6221
6825
4029
5034
18
5101
7639
2524
1806
9732
6010
1328
1730
1469
7144
3663
9264
973
6114
6597
8019
1930
1118
3353
1035
8270
9958
1032
1173
6433
6152
9828
1084
5238
6794
9474
4204
6248
3896
205
8160
7562
9143
3652
346
4993
4334
2013
356
7104
6648
4600
6215
9330
6848
2142
7623
2165
4536
1143
1299
927
6715
3996
9588
6050
5554
6372
5606
7972
9236
2321
6315
6371
8362
2114
8778
2449
9371
9784
4629
2963
8236
1931
7654
756
1371
4309
7499
3641
6671
6679
6516
4843
1907
9009
9177
335
7875
6155
753
5917
2596
6514
207
5028
7434
2272
3603
3055
3753
8787
2613
9289
3775
3168
3491
7690
2866
3086
4009
4893
9617
9427
760
6357
874
4223
5899
7795
8803
1083
9963
5820
3505
5994
9743
9442
1623
3264
699
4178
1997
1063
8526
1914
3609
1439
7521
3378
5566
9418
1162
9203
4415
2819
6065
7844
3247
4402
118
8845
6663
2930
4456
9281
425
1610
9608
8443
7829
7593
4398
6281
1222
7646
1106
9743
5361
455
9960
2962
4145
3575
4823
8405
8514
5468
515
5763
4628
351
6492
5278
9857
8139
1100
4527
1161
1488
7725
4838
297
2055
3160
7015
3285
1989
4855
4974
614
9383
9302
7662
633
3167
5944
8439
2306
9816
7818
6348
6142
6869
2921
199
3418
7345
2461
8492
2450
5078
1304
9604
1995
4463
9191
5393
9601
4423
7493
4166
3206
2271
3795
4584
2342
8746
8066
4972
3145
6264
6937
1334
5299
6761
2979
9751
3042
526
159
4963
519
8806
7133
5554
4486
8256
7810
9418
661
988
4880
2920
833
9530
5593
7370
1237
9051
1166
7398
6188
5082
6294
4881
3082
22
1644
3836
7497
542
8452
1891
2207
3973
5950
3074
9446
8596
3207
7025
1776
329
5102
23
5027
3671
2857
3238
1091
2776
4383
3702
865
8983
5087
9460
8814
1238
7726
2447
3406
4731
9438
9081
1373
9787
257
9942
4080
7146
141
8335
4590
2539
7852
120
6616
1708
9449
5482
9325
1038
4799
1538
4960
8571
7794
5376
2629
5382
8815
7459
8136
8450
4187
5334
2327
7559
2700
8595
9258
4016
7991
6894
3444
4978
38
943
7390
741
5790
5882
8774
2067
2151
3703
6468
6303
2580
5446
1108
6448
2643
1899
7194
2833
6863
1081
8852
4057
4350
9652
8307
1915
9677
9776
6737
8955
2877
9068
9403
6671
9489
4449
8760
907
1476
1681
5519
7938
9637
2806
9443
9867
5278
8504
4637
482
3383
8593
6712
8773
9534
4252
6081
6103
5882
9130
8516
4478
1962
5125
2650
8544
4960
1525
8241
258
4119
7420
1918
39
6370
3299
5683
6973
5217
6822
7412
8608
9859
4445
8520
2197
1351
9114
60
4388
2274
6895
5070
3703
4797
3726
1743
1427
9294
8291
1500
6338
6679
6107
2469
7417
4192
9127
2602
6199
6992
2551
2988
7641
9874
8988
1014
3707
508
4727
9556
4298
7421
6361
9599
7842
9654
5284
2828
9519
4173
716
9448
5870
5881
8261
662
2017
9704
5988
552
927
3117
4647
6616
7612
2912
6482
1161
9380
9443
2249
3145
8640
2624
2867
2955
3058
5410
9314
5477
5332
4818
2995
9926
2707
3819
6649
9684
8521
8270
3369
7941
4069
4742
5725
2660
2141
5950
9801
6041
485
1621
6474
6937
8805
298
2136
5708
619
9487
1506
9925
4808
3915
101
9318
9615
1291
4080
7500
7853
7969
6444
7022
8221
9008
5637
6931
7746
1577
4425
9112
1925
6443
3182
5387
9417
7496
6670
8719
8482
5675
8242
658
4190
9324
4153
5315
4561
9349
3096
6630
5534
5922
4357
8669
394
2155
796
4164
2135
2823
4054
3776
6730
1447
9346
1576
3163
9059
6543
9361
3600
4382
5666
4258
9284
4614
2052
9912
7584
5400
50
9226
7670
6877
4442
2174
3107
9333
8825
5138
5667
6663
3072
8736
6480
2300
7408
8175
220
9446
9335
4883
7046
8167
9749
4674
8652
938
6139
3555
790
1073
3749
1156
9598
4454
6341
6479
7103
8795
7578
5990
2570
7746
7384
7395
3973
6850
7320
5408
5406
659
5540
910
6312
5660
1971
318
8405
8492
8000
3838
9500
7854
7980
7095
2190
3563
5304
8586
5829
631
7637
3635
1022
4854
4265
140
1026
1261
2359
9720
8342
5609
4197
5434
1520
1572
2464
7789
1701
2836
964
3480
7038
5565
2913
1359
8659
5211
778
7718
1539
9112
4563
6630
5439
7851
9512
1750
1751
3767
1343
1886
5091
9725
8597
4706
9100
764
5841
8491
5547
8367
3606
6880
8796
9999
5799
7316
8995
3829
155
8033
7471
340
5696
5665
9483
4127
4672
5195
6370
192
1960
6609
4168
6948
9765
4908
7699
7324
7422
8083
9057
8789
3002
2719
2099
8486
9439
8219
9255
5921
1827
6789
4096
5683
3488
7054
9420
7417
9427
4611
6473
7389
8836
2930
3238
8562
2474
4356
8926
5268
5680
759
5485
5047
2240
2180
7499
590
5653
3375
4143
7704
8013
2432
374
9727
3373
2894
7904
4227
5125
622
8081
1684
8411
443
9602
9346
5501
2564
6500
6688
7238
1174
2493
6723
4453
2653
3714
3224
8676
5459
8767
4071
4740
5703
9853
2625
3571
9347
9192
9121
4552
8084
2126
631
3152
5249
8426
5792
93
3357
8072
8290
1606
1496
6177
5200
1084
3016
6161
3039
4618
3436
3978
1152
2658
6327
6382
2677
7264
5104
8592
3298
1779
3719
282
66
3363
1700
2612
2712
5925
8097
6830
9404
353
701
1178
6284
4536
886
2656
6761
870
2036
3823
9108
9345
9500
4977
7604
8081
3654
2774
2811
8230
4312
9301
934
3229
4979
4425
4072
2019
8338
5475
3276
8454
871
7789
8602
4755
2520
7804
3129
485
2519
1207
9328
9189
5518
8470
1727
9828
4383
6763
3906
9918
7746
978
2505
8483
4064
2569
4374
5167
7815
5677
7396
8988
4944
9454
9307
9414
1738
5147
1685
3267
6461
8089
8904
458
5943
667
792
6275
4510
7463
7699
7664
5959
4665
9966
1829
6315
1833
2101
9781
7095
971
329
2190
92
2172
3695
9104
3078
7712
5335
3704
4361
6852
4903
7506
9698
3159
8070
6568
9285
2506
5213
1724
