9149
4466
7618
2205
1934
2550
8887
3878
2569
5993
5367
7317
4187
6826
4423
4959
5873
9930
8946
1539
8396
4036
3995
5823
6160
8828
1684
2665
1497
1979
178
2721
4845
7911
8472
5012
169
2156
2580
3798
9937
9013
2780
1369
4743
8107
2101
7754
3096
1697
2918
6792
5468
9875
2050
8897
7666
7079
5441
6655
7856
7258
3744
4864
7874
1031
5660
7583
2165
5534
9318
7990
3050
2369
7356
592
22
9365
6956
4765
4594
9015
1689
9089
2329
355
6976
9209
1408
9002
5311
8523
2859
9231
947
7081
1176
8925
1218
4787
9924
9484
4948
6143
7003
7011
6708
7651
7581
5264
7763
582
715
3934
1425
5364
3454
6488
5808
4791
2263
6278
935
5581
4827
8003
5007
8669
3420
1492
9335
9225
2702
8155
2640
7540
6510
7612
9761
1672
184
820
8699
5461
1508
7063
3877
5998
7958
8457
8572
9441
8705
6789
944
5542
3905
4760
5366
8218
2939
1313
480
2004
6412
9565
233
7661
8953
2830
8429
6840
4771
5704
3180
5120
6526
7437
6393
8129
7807
3729
4130
2767
5879
8910
5896
8518
8316
1648
5117
3415
3600
6666
1590
867
4645
6215
9682
7191
417
3206
9057
8728
4114
31
3001
5509
6739
6076
2752
867
1649
7859
9667
4760
9985
5298
5765
3432
2202
7915
181
2195
6279
619
1567
2042
1776
2390
6551
4939
8105
662
5944
9825
1326
2074
9102
3693
1738
8019
7645
3058
110
5669
3145
6601
4887
3343
9189
7389
4331
2257
572
9179
7946
682
1475
8365
3375
1230
2690
7754
1134
8391
3550
2808
7060
1261
5476
6159
8245
6169
8733
2955
2399
2978
3716
7083
36
2950
6174
9160
1325
2801
7722
4019
6072
1281
5730
9756
1145
9567
5433
6225
9589
4199
4019
4658
8468
9582
5008
1081
6863
8733
6968
3672
5443
9784
7257
9874
3072
6384
5517
1033
4209
6230
4989
5558
6329
5708
1221
7022
8120
8226
2413
8746
6846
6407
7698
5792
868
4750
4629
3401
4746
7664
2046
8101
8949
7221
151
6093
3443
43
6264
3198
4876
3758
9901
9254
9925
9830
8806
961
7588
9796
8315
2444
9074
8105
347
32
7636
5300
5131
6315
8654
7192
9345
5585
2705
8437
1154
5587
7477
7228
8984
4539
8321
8409
4970
3927
6680
8499
2427
6155
3362
9990
7518
3559
4196
2290
7667
1256
3085
4207
5417
7443
5305
9032
134
2370
1173
779
3934
5954
1216
382
7846
6546
6655
4535
7017
4749
9901
4806
6309
1151
6730
6196
3784
8986
7232
4581
7576
2459
5750
8746
3853
8460
1822
7677
9753
5681
6794
6516
3386
4588
1199
8936
2804
5798
8097
1090
8588
4751
4542
9875
842
8721
5312
9618
7213
8645
8629
5736
7664
5022
1117
5355
7581
6960
4555
5611
4438
2152
5188
9183
3421
4943
4358
3383
8771
1431
7760
3616
6222
9040
6376
2259
3305
4962
482
1645
9602
4417
1924
376
9319
7446
1524
7800
8350
1784
439
8603
5337
2834
1235
6298
6358
5034
2340
2524
1936
4987
4189
5666
2473
4308
4168
2209
1612
8180
8852
7857
8655
979
7926
7961
3488
4796
112
37
3659
6268
6740
8771
8732
2554
1358
5554
1929
7703
3873
5849
8494
8192
6909
7861
174
3207
2065
5525
5033
3668
1519
4084
3333
9964
367
2122
5572
3581
6267
4828
8446
9254
9799
4477
194
8300
6974
1694
8678
9885
1546
458
491
4502
4040
6099
4769
1857
4699
4445
6081
7983
3867
6878
6978
4944
4857
3341
9791
576
8347
4615
5311
2961
4325
4479
7131
585
6020
3622
2514
3648
4482
1768
8705
7200
925
2288
6734
1136
343
6257
2319
1268
9593
635
6674
6217
1461
7814
8870
1407
5736
7062
6956
3230
8748
6750
5240
1977
1624
5430
3937
5144
9734
9814
5584
456
7747
5022
985
8661
2481
1882
6098
5054
3415
2076
9605
3179
2729
1816
4852
4438
644
3145
5499
7387
9735
465
9051
3705
2873
3358
5071
3970
954
1794
1190
4515
5987
3860
987
2682
3729
3271
9900
5361
182
2760
247
6781
9966
2278
627
4129
2165
5017
9688
8032
4937
5917
9615
2953
9485
981
8883
9653
5487
3456
3525
3836
3604
2756
4942
7459
4940
7814
8520
8341
3437
5701
8585
6840
9256
2829
141
5394
2540
4551
352
130
581
6789
590
698
3478
6004
6359
5298
8736
3184
8322
6120
8257
1125
3730
7308
979
2359
9822
7691
6353
4055
2686
1886
5742
675
1766
3100
1362
4894
2395
2651
8371
6543
3930
7769
8487
6371
3127
8874
2929
1985
2445
5376
7073
26
8797
3502
6284
8855
6136
6758
777
7721
7993
5229
6572
5423
9272
9043
3844
5944
6099
7036
8309
6387
6112
3607
9875
5536
7547
8998
3663
6973
6456
4790
672
4617
5791
3872
5725
4983
701
1639
6468
9575
5283
8661
7782
3036
276
1912
7331
3901
8487
5613
6515
7349
5061
2187
6823
5177
3946
220
4657
743
4314
2264
9700
7122
5212
9859
150
9955
1232
9751
5206
4994
7493
513
641
5570
4461
3649
7265
1809
5098
4683
7597
2558
3006
3067
8454
2467
8401
3901
5677
2379
6565
9582
2360
8803
4206
877
2336
1761
7738
7239
4820
9165
8765
6753
1146
3294
617
952
9229
352
7198
1075
2306
2854
8161
5004
3285
9101
7210
5622
4071
1613
7424
2865
3911
6472
6448
452
5457
3115
695
6464
4052
3066
2039
8578
1127
2883
2105
3175
3984
7476
6161
5251
6225
7990
8808
9012
2440
4093
365
8703
7607
595
5341
7453
6639
6937
7776
727
9022
4253
9960
9882
4888
3704
7017
5508
8982
6918
4665
6742
4759
9927
72
306
1564
83
2683
7511
5112
3438
8794
6990
4937
965
2866
3570
427
7344
9621
9840
4585
2253
7554
8604
4368
4407
3135
1442
6628
9167
5867
2137
2431
1674
1800
8621
8937
8070
5822
6159
8064
8434
8750
6983
3348
413
2440
444
4895
5321
4168
3352
8150
3989
9022
7349
4431
437
471
6216
