9999
9999
9999
9996
9996
9993
9993
9992
9991
9991
9986
9985
9984
9984
9981
9979
9979
9978
9978
9978
9976
9976
9976
9974
9973
9973
9973
9971
9971
9971
9970
9968
9968
9967
9966
9966
9966
9965
9964
9963
9963
9962
9961
9960
9960
9960
9958
9958
9958
9957
9957
9953
9952
9951
9950
9949
9949
9947
9947
9946
9946
9946
9945
9944
9944
9943
9943
9942
9942
9940
9936
9935
9935
9935
9933
9932
9932
9932
9931
9930
9930
9930
9927
9927
9927
9926
9926
9925
9925
9924
9919
9918
9917
9916
9915
9914
9914
9912
9911
9910
9910
9910
9909
9907
9906
9904
9902
9901
9900
9900
9899
9898
9897
9897
9897
9896
9896
9895
9894
9893
9890
9886
9886
9883
9882
9882
9880
9879
9877
9874
9874
9871
9869
9868
9867
9867
9867
9866
9864
9859
9859
9858
9857
9857
9857
9857
9857
9856
9856
9855
9855
9853
9853
9853
9852
9848
9847
9844
9842
9839
9837
9837
9836
9836
9831
9830
9828
9828
9826
9824
9822
9821
9821
9820
9820
9817
9816
9816
9814
9810
9808
9806
9804
9804
9803
9802
9802
9801
9801
9799
9799
9798
9797
9797
9796
9795
9793
9792
9792
9792
9787
9785
9784
9784
9783
9781
9781
9781
9780
9776
9776
9775
9775
9773
9771
9769
9768
9765
9765
9763
9761
9761
9760
9757
9757
9756
9751
9751
9751
9749
9749
9749
9749
9747
9746
9746
9746
9745
9745
9745
9744
9743
9743
9743
9742
9742
9741
9740
9740
9740
9737
9736
9734
9734
9734
9732
9730
9729
9729
9728
9727
9725
9721
9721
9720
9717
9715
9711
9709
9708
9708
9707
9707
9706
9705
9704
9704
9703
9701
9701
9701
9701
9698
9697
9697
9696
9694
9693
9692
9691
9690
9689
9686
9685
9684
9684
9679
9679
9677
9677
9677
9677
9676
9676
9676
9675
9672
9672
9671
9670
9669
9668
9664
9664
9664
9664
9661
9661
9655
9654
9653
9653
9652
9645
9644
9643
9641
9640
9640
9640
9640
9639
9639
9639
9638
9637
9636
9635
9635
9634
9633
9633
9629
9629
9629
9626
9625
9625
9618
9617
9615
9614
9613
9611
9608
9607
9606
9606
9605
9604
9604
9603
9603
9602
9601
9601
9601
9600
9599
9599
9598
9598
9597
9596
9595
9594
9593
9592
9590
9590
9589
9589
9588
9588
9587
9587
9586
9586
9585
9585
9583
9583
9582
9581
9581
9580
9580
9575
9574
9570
9564
9563
9563
9560
9559
9559
9559
9557
9557
9556
9556
9554
9553
9551
9550
9549
9549
9547
9545
9545
9544
9542
9541
9541
9540
9539
9539
9538
9537
9536
9536
9536
9536
9534
9532
9532
9532
9530
9530
9528
9527
9519
9519
9519
9517
9516
9514
9514
9512
9512
9511
9511
9510
9510
9509
9508
9505
9504
9504
9503
9503
9500
9500
9500
9498
9498
9497
9496
9495
9494
9493
9492
9492
9492
9492
9492
9490
9489
9489
9488
9487
9485
9483
9483
9483
9480
9480
9479
9478
9476
9475
9475
9475
9474
9472
9470
9467
9464
9463
9463
9462
9461
9460
9460
9459
9458
9456
9456
9455
9454
9454
9454
9451
9449
9449
9449
9449
9448
9448
9448
9447
9446
9446
9446
9445
9444
9443
9443
9443
9443
9442
9440
9439
9439
9439
9438
9436
9435
9432
9431
9431
9429
9427
9427
9427
9427
9426
9421
9420
9418
9418
9417
9417
9417
9415
9414
9410
9409
9408
9407
9406
9406
9405
9405
9404
9404
9404
9403
9402
9402
9401
9400
9397
9397
9396
9396
9394
9393
9389
9389
9386
9385
9385
9384
9384
9383
9383
9383
9380
9380
9379
9379
9377
9376
9375
9373
9372
9371
9368
9365
9361
9357
9357
9356
9355
9355
9353
9353
9352
9350
9350
9349
9347
9346
9346
9345
9345
9344
9343
9343
9342
9342
9340
9338
9337
9336
9336
9335
9334
9333
9333
9333
9333
9332
9332
9331
9330
9330
9329
9329
9328
9328
9328
9325
9324
9324
9323
9323
9322
9321
9321
9320
9319
9319
9319
9318
9318
9317
9315
9315
9315
9314
9314
9313
9312
9310
9309
9307
9306
9305
9304
9304
9304
9302
9302
9302
9302
9301
9301
9301
9299
9299
9299
9297
9297
9296
9296
9295
9294
9294
9293
9292
9292
9292
9292
9291
9291
9290
9290
9289
9289
9289
9289
9288
9285
9284
9284
9282
9281
9281
9281
9280
9280
9278
9274
9271
9270
9268
9266
9264
9264
9262
9261
9260
9260
9259
9258
9258
9256
9256
9256
9255
9255
9253
9252
9248
9248
9246
9246
9245
9245
9245
9245
9245
9244
9243
9241
9241
9240
9239
9238
9238
9238
9236
9236
9236
9234
9231
9230
9230
9229
9228
9227
9226
9225
9218
9217
9216
9216
9214
9211
9211
9211
9209
9209
9208
9204
9203
9202
9202
9198
9196
9196
9195
9195
9194
9194
9192
9192
9191
9189
9189
9188
9187
9187
9186
9185
9182
9180
9179
9179
9178
9177
9177
9177
9177
9176
9175
9174
9174
9174
9173
9171
9169
9168
9167
9166
9166
9165
9165
9165
9165
9164
9164
9164
9162
9161
9157
9156
9155
9155
9155
9153
9152
9151
9150
9150
9148
9146
9143
9142
9141
9140
9140
9139
9139
9139
9139
9139
9138
9138
9138
9138
9137
9133
9132
9131
9131
9131
9130
9128
9128
9127
9125
9125
9125
9124
9121
9117
9116
9115
9115
9114
9113
9113
9112
9112
9110
9109
9109
9108
9108
9107
9105
9105
9105
9104
9103
9101
9100
9100
9099
9097
9096
9094
9094
9094
9094
9093
9091
9091
9091
9090
9089
9086
9085
9085
9083
9082
9081
9080
9080
9077
9077
9077
9076
9075
9075
9074
9072
9072
9071
9070
9069
9069
9069
9069
9069
9069
9068
9067
9067
9066
9066
9066
9065
9063
9063
9062
9060
9059
9059
9058
9058
9057
9052
9051
9050
9050
9049
9048
9047
9046
9046
9045
9044
9043
9043
9042
9042
9042
9040
9039
9039
9037
9036
9035
9034
9034
9034
9034
9033
9033
9028
9028
9026
9026
9026
9025
9022
9021
9020
9020
9020
9019
9019
9016
9014
9014
9012
9010
9009
9008
9007
9007
9002
9002
9000
9000
8998
8998
8995
8995
8995
8994
8994
8992
8992
8992
8991
8990
8990
8988
8988
8988
8987
8986
8984
8984
8983
8983
8983
8982
8982
8980
8978
8977
8969
8968
8968
8968
8966
8965
8964
8961
8961
8959
8958
8956
8955
8954
8953
8952
8950
8947
8944
8944
8942
8942
8941
8941
8940
8939
8937
8935
8934
8933
8932
8930
8930
8930
8929
8928
8926
8924
8921
8920
8919
8919
8917
8916
8916
8915
8915
8913
8913
8913
8912
8906
8905
8905
8905
8905
8904
8902
8901
8900
8898
8897
8897
8897
8896
8895
8895
8894
8894
8894
8894
8893
8892
8891
8891
8890
8890
8889
8889
8888
8888
8887
8887
8887
8886
8886
8885
8885
8884
8884
8883
8880
8879
8878
8877
8877
8876
8876
8875
8874
8874
8872
8870
8870
8866
8866
8862
8861
8860
8858
8858
8858
8857
8857
8856
8855
8855
8854
8852
8852
8850
8850
8849
8847
8846
8845
8841
8841
8841
8839
8837
8836
8836
8832
8829
8827
8825
8825
8824
8824
8821
8820
8818
8817
8816
8815
8815
8814
8813
8812
8811
8810
8809
8807
8806
8806
8805
8805
8804
8804
8803
8803
8801
8801
8799
8799
8798
8798
8797
8796
8795
8793
8792
8790
8789
8787
8787
8786
8784
8783
8783
8783
8782
8782
8782
8781
8781
8780
8780
8779
8778
8777
8776
8776
8776
8774
8773
8771
8769
8767
8766
8766
8765
8765
8764
8763
8763
8762
8762
8761
8760
8760
8760
8760
8760
8760
8759
8756
8754
8754
8754
8753
8753
8752
8750
8748
8747
8746
8745
8744
8743
8743
8743
8743
8742
8741
8741
8740
8737
8736
8735
8734
8733
8732
8731
8730
8730
8729
8728
8723
8721
8719
8717
8713
8712
8712
8712
8711
8711
8710
8710
8710
8710
8708
8707
8706
8706
8706
8706
8704
8704
8701
8697
8695
8695
8695
8695
8692
8692
8691
8691
8689
8688
8687
8685
8685
8683
8680
8680
8679
8679
8679
8677
8676
8676
8676
8675
8674
8672
8672
8669
8668
8666
8666
8663
8662
8659
8659
8659
8659
8657
8656
8655
8655
8654
8653
8652
8652
8652
8652
8651
8651
8650
8649
8648
8646
8644
8641
8640
8639
8639
8637
8636
8633
8633
8633
8630
8626
8624
8623
8622
8622
8620
8618
8617
8616
8616
8612
8609
8608
8608
8607
8606
8605
8605
8604
8603
8602
8601
8601
8598
8597
8597
8597
8596
8596
8596
8596
8595
8595
8595
8593
8592
8590
8589
8588
8587
8587
8586
8586
8584
8584
8584
8582
8579
8579
8577
8576
8575
8575
8574
8571
8571
8570
8566
8565
8564
8564
8563
8563
8562
8562
8559
8558
8558
8557
8553
8552
8551
8550
8550
8549
8547
8545
8544
8544
8544
8539
8539
8539
8539
8536
8534
8533
8531
8530
8528
8527
8526
8526
8525
8525
8525
8524
8523
8522
8521
8520
8520
8519
8518
8517
8517
8517
8516
8516
8516
8514
8514
8513
8511
8510
8508
8508
8506
8505
8504
8501
8501
8500
8498
8498
8497
8497
8495
8494
8493
8493
8492
8492
8492
8491
8491
8491
8490
8488
8488
8488
8486
8486
8484
8483
8482
8482
8481
8481
8480
8479
8478
8477
8477
8477
8474
8471
8470
8470
8465
8465
8463
8463
8462
8461
8461
8460
8460
8460
8459
8459
8459
8458
8458
8458
8458
8457
8457
8456
8454
8453
8453
8452
8452
8452
8450
8449
8449
8449
8448
8447
8447
8444
8444
8443
8442
8441
8440
8439
8439
8439
8438
8436
8436
8435
8435
8434
8433
8433
8431
8431
8430
8430
8430
8429
8428
8428
8426
8426
8425
8422
8421
8421
8420
8419
8418
8417
8417
8415
8415
8413
8411
8409
8408
8405
8405
8405
8405
8405
8400
8400
8399
8399
8396
8395
8395
8394
8393
8390
8390
8390
8389
8388
8388
8387
8386
8385
8382
8382
8382
8381
8380
8380
8379
8378
8378
8377
8377
8377
8376
8376
8375
8374
8374
8373
8373
8372
8372
8370
8369
8367
8367
8366
8365
8362
8362
8360
8360
8359
8358
8357
8350
8350
8348
8348
8347
8346
8344
8342
8342
8342
8341
8341
8338
8337
8336
8336
8336
8336
8335
8335
8333
8333
8330
8330
8330
8329
8328
8328
8326
8324
8323
8321
8318
8316
8314
8314
8308
8308
8308
8307
8307
8306
8305
8305
8303
8302
8301
8299
8299
8299
8297
8297
8296
8293
8293
8293
8292
8291
8291
8291
8290
8286
8285
8284
8283
8280
8279
8276
8274
8271
8270
8270
8270
8270
8269
8269
8269
8268
8268
8267
8266
8265
8265
8265
8264
8263
8263
8262
8262
8261
8261
8261
8261
8259
8258
8257
8257
8257
8256
8256
8254
8254
8253
8253
8250
8249
8247
8246
8245
8244
8244
8242
8242
8241
8238
8236
8236
8236
8234
8233
8232
8230
8230
8230
8228
8227
8226
8226
8225
8225
8223
8223
8222
8221
8220
8219
8219
8217
8216
8213
8213
8212
8211
8211
8210
8208
8206
8206
8203
8203
8202
8201
8201
8200
8199
8197
8197
8191
8188
8186
8185
8184
8182
8181
8180
8179
8179
8177
8176
8175
8175
8175
8174
8173
8171
8170
8169
8168
8167
8166
8165
8164
8164
8164
8162
8161
8161
8160
8158
8156
8155
8154
8152
8151
8151
8150
8149
8147
8145
8145
8145
8143
8142
8141
8139
8139
8136
8136
8135
8134
8133
8132
8132
8130
8129
8128
8127
8125
8125
8122
8122
8121
8120
8119
8118
8118
8117
8117
8116
8116
8114
8114
8110
8109
8108
8107
8107
8106
8105
8104
8101
8097
8096
8094
8094
8094
8093
8093
8091
8090
8089
8087
8085
8084
8084
8084
8083
8081
8081
8081
8080
8078
8078
8076
8075
8073
8073
8072
8072
8070
8070
8069
8068
8067
8066
8066
8065
8065
8065
8064
8063
8063
8063
8063
8060
8060
8059
8058
8057
8056
8053
8051
8051
8051
8049
8049
8049
8048
8047
8046
8044
8044
8042
8041
8040
8039
8039
8038
8037
8037
8036
8033
8033
8032
8032
8028
8027
8027
8026
8024
8023
8021
8020
8019
8018
8017
8015
8014
8013
8013
8013
8012
8012
8012
8011
8011
8011
8010
8010
8010
8009
8007
8006
8006
8006
8005
8005
8005
8003
8002
8001
8001
8001
8000
8000
8000
7999
7997
7996
7996
7995
7994
7991
7991
7990
7989
7988
7988
7988
7987
7984
7983
7982
7982
7981
7980
7979
7977
7977
7976
7976
7975
7974
7973
7972
7971
7971
7969
7965
7964
7962
7961
7961
7961
7960
7959
7958
7957
7956
7956
7954
7953
7952
7951
7951
7950
7948
7947
7947
7946
7943
7943
7942
7941
7938
7935
7934
7934
7933
7932
7930
7928
7928
7927
7927
7926
7924
7924
7922
7922
7921
7920
7920
7917
7917
7916
7916
7916
7915
7915
7915
7914
7913
7911
7911
7909
7906
7905
7904
7903
7902
7900
7900
7898
7898
7897
7897
7896
7896
7896
7896
7895
7895
7894
7891
7887
7885
7884
7883
7883
7881
7880
7880
7879
7879
7877
7875
7873
7873
7873
7872
7871
7870
7870
7870
7869
7867
7866
7866
7865
7863
7863
7862
7861
7860
7859
7858
7858
7857
7856
7854
7854
7853
7853
7853
7852
7851
7849
7847
7847
7846
7846
7845
7845
7845
7844
7843
7843
7842
7842
7837
7836
7835
7834
7831
7829
7829
7828
7827
7825
7825
7823
7823
7822
7822
7821
7820
7818
7818
7817
7817
7815
7815
7815
7814
7813
7813
7813
7811
7811
7810
7810
7809
7808
7808
7807
7807
7806
7805
7804
7804
7804
7804
7804
7804
7803
7800
7799
7797
7795
7794
7794
7793
7792
7791
7790
7790
7789
7789
7789
7788
7788
7788
7787
7786
7784
7783
7783
7783
7783
7781
7781
7781
7780
7780
7779
7779
7778
7777
7775
7774
7773
7771
7771
7770
7770
7769
7768
7767
7765
7764
7764
7764
7763
7760
7759
7759
7758
7757
7757
7757
7756
7756
7755
7752
7751
7750
7748
7747
7746
7746
7746
7746
7744
7739
7739
7735
7730
7728
7726
7725
7725
7725
7725
7724
7723
7722
7722
7722
7722
7719
7718
7716
7715
7715
7714
7712
7712
7711
7710
7710
7708
7708
7705
7704
7703
7701
7699
7699
7699
7695
7692
7690
7690
7689
7686
7686
7684
7683
7683
7682
7682
7681
7681
7681
7679
7678
7675
7672
7672
7670
7669
7669
7669
7668
7664
7664
7663
7663
7662
7662
7660
7657
7657
7655
7655
7655
7654
7654
7654
7652
7652
7650
7647
7646
7646
7644
7644
7643
7642
7642
7641
7640
7639
7639
7637
7637
7637
7635
7635
7632
7629
7628
7623
7623
7620
7617
7616
7615
7614
7613
7612
7612
7612
7607
7606
7605
7604
7604
7603
7601
7600
7599
7599
7597
7596
7595
7593
7593
7593
7593
7590
7587
7586
7585
7584
7582
7582
7581
7581
7580
7579
7578
7576
7575
7575
7574
7573
7573
7570
7570
7570
7570
7570
7568
7567
7567
7566
7565
7564
7563
7563
7562
7562
7562
7562
7559
7559
7559
7558
7558
7557
7554
7554
7550
7543
7541
7540
7540
7540
7539
7539
7539
7537
7536
7535
7535
7533
7533
7531
7530
7529
7528
7525
7525
7521
7520
7518
7517
7515
7513
7513
7509
7506
7506
7506
7503
7502
7502
7500
7500
7499
7499
7499
7498
7498
7498
7497
7496
7493
7493
7492
7488
7487
7487
7487
7486
7484
7484
7484
7482
7480
7480
7480
7479
7479
7479
7478
7477
7475
7471
7469
7469
7468
7468
7468
7467
7467
7466
7464
7463
7463
7462
7461
7460
7459
7458
7457
7456
7453
7452
7450
7449
7447
7447
7446
7445
7444
7444
7443
7443
7442
7442
7441
7440
7438
7436
7436
7436
7435
7435
7434
7433
7432
7431
7428
7427
7427
7426
7426
7426
7426
7426
7425
7425
7424
7422
7421
7420
7419
7418
7417
7417
7416
7416
7416
7415
7414
7412
7412
7412
7412
7411
7411
7409
7409
7408
7405
7403
7402
7402
7402
7400
7399
7398
7398
7398
7396
7395
7393
7391
7390
7390
7389
7387
7386
7384
7384
7381
7380
7380
7379
7377
7376
7376
7376
7375
7374
7374
7373
7373
7370
7369
7368
7366
7365
7364
7364
7362
7359
7358
7358
7358
7358
7356
7356
7355
7355
7355
7354
7354
7352
7347
7347
7346
7345
7344
7344
7341
7341
7341
7340
7337
7336
7336
7334
7332
7330
7329
7327
7327
7327
7326
7325
7324
7324
7323
7323
7323
7322
7321
7320
7318
7317
7316
7315
7314
7312
7312
7310
7309
7307
7306
7301
7300
7299
7297
7294
7294
7292
7291
7290
7286
7286
7282
7282
7280
7272
7271
7267
7267
7267
7266
7264
7264
7264
7263
7259
7259
7259
7259
7259
7259
7257
7256
7255
7255
7254
7251
7250
7250
7250
7248
7248
7248
7248
7246
7243
7242
7242
7242
7241
7241
7240
7238
7238
7235
7234
7233
7233
7233
7232
7231
7231
7228
7227
7224
7223
7219
7218
7216
7213
7212
7212
7211
7211
7210
7210
7210
7209
7209
7207
7201
7199
7199
7199
7195
7195
7194
7194
7193
7193
7193
7189
7189
7186
7184
7183
7181
7180
7180
7179
7176
7176
7176
7174
7172
7172
7171
7171
7169
7169
7168
7167
7166
7165
7164
7164
7161
7160
7160
7159
7158
7158
7157
7157
7156
7154
7153
7153
7151
7150
7150
7149
7149
7147
7146
7146
7145
7145
7144
7140
7139
7139
7139
7138
7138
7136
7134
7134
7133
7131
7131
7131
7129
7127
7127
7126
7126
7126
7124
7123
7122
7119
7119
7115
7113
7112
7109
7108
7104
7104
7103
7103
7103
7102
7097
7095
7095
7095
7093
7092
7092
7092
7091
7090
7089
7089
7088
7087
7087
7086
7085
7084
7082
7082
7082
7081
7080
7080
7080
7080
7079
7079
7078
7077
7076
7075
7074
7074
7074
7073
7072
7072
7072
7071
7069
7068
7068
7067
7066
7065
7064
7064
7064
7063
7062
7061
7061
7059
7059
7057
7054
7054
7053
7053
7053
7052
7052
7051
7050
7049
7049
7048
7047
7047
7046
7046
7044
7044
7044
7043
7042
7039
7038
7038
7035
7035
7035
7034
7027
7025
7022
7022
7020
7020
7018
7017
7017
7016
7015
7013
7012
7012
7012
7011
7009
7009
7007
7006
7006
7005
7005
7004
7002
6999
6996
6996
6995
6994
6993
6992
6992
6992
6992
6991
6991
6990
6987
6987
6985
6983
6983
6980
6979
6978
6978
6977
6977
6976
6973
6972
6972
6970
6970
6969
6968
6968
6963
6963
6962
6962
6960
6956
6954
6953
6953
6952
6951
6950
6950
6949
6949
6949
6948
6948
6948
6947
6947
6947
6946
6946
6945
6945
6941
6940
6939
6937
6937
6937
6936
6936
6936
6935
6934
6933
6931
6930
6929
6929
6928
6927
6927
6926
6925
6924
6924
6923
6923
6923
6920
6919
6915
6914
6913
6910
6910
6903
6902
6902
6900
6900
6899
6898
6898
6896
6896
6896
6896
6895
6895
6895
6894
6894
6893
6893
6892
6892
6891
6891
6890
6886
6886
6886
6886
6883
6880
6880
6880
6878
6878
6878
6877
6877
6875
6871
6870
6870
6869
6867
6865
6865
6863
6862
6860
6858
6858
6857
6857
6855
6854
6853
6852
6852
6852
6852
6851
6850
6850
6849
6849
6848
6847
6847
6846
6846
6844
6843
6839
6837
6835
6834
6834
6834
6833
6830
6830
6830
6830
6830
6829
6829
6827
6826
6826
6825
6822
6820
6820
6818
6817
6816
6815
6814
6814
6813
6812
6811
6808
6803
6803
6802
6802
6799
6797
6797
6796
6796
6796
6795
6794
6794
6794
6794
6794
6792
6791
6791
6791
6789
6789
6789
6788
6785
6784
6783
6782
6782
6782
6782
6782
6780
6778
6778
6777
6777
6777
6775
6774
6773
6773
6773
6772
6770
6767
6766
6766
6763
6763
6762
6761
6761
6761
6761
6760
6760
6759
6759
6758
6758
6758
6757
6757
6757
6756
6755
6751
6746
6745
6745
6745
6744
6744
6743
6742
6742
6742
6742
6741
6741
6740
6740
6739
6737
6735
6735
6734
6734
6733
6731
6731
6730
6729
6729
6729
6725
6724
6723
6722
6722
6718
6717
6716
6715
6715
6712
6712
6710
6708
6708
6708
6707
6707
6706
6706
6705
6704
6702
6701
6699
6698
6698
6696
6695
6694
6694
6694
6690
6689
6689
6688
6687
6686
6686
6686
6684
6683
6682
6681
6679
6679
6679
6678
6677
6675
6674
6673
6672
6671
6671
6670
6670
6670
6668
6666
6664
6663
6663
6662
6661
6658
6655
6654
6654
6653
6652
6652
6649
6648
6646
6646
6646
6645
6645
6645
6644
6643
6641
6641
6640
6639
6638
6638
6636
6635
6635
6634
6632
6632
6632
6630
6630
6630
6630
6630
6630
6629
6629
6628
6628
6625
6624
6623
6622
6621
6616
6616
6616
6614
6613
6612
6611
6609
6608
6607
6606
6605
6604
6599
6598
6598
6598
6597
6596
6596
6596
6594
6593
6591
6591
6590
6588
6588
6587
6586
6585
6582
6582
6580
6579
6579
6577
6577
6575
6575
6573
6573
6572
6570
6569
6568
6568
6568
6568
6567
6567
6566
6566
6563
6562
6562
6560
6557
6554
6552
6551
6543
6543
6541
6541
6541
6541
6538
6538
6537
6536
6535
6533
6533
6532
6532
6529
6528
6527
6527
6527
6526
6526
6525
6525
6524
6522
6521
6521
6519
6519
6517
6516
6516
6515
6514
6513
6512
6511
6511
6510
6509
6507
6506
6504
6503
6502
6501
6500
6499
6498
6497
6496
6492
6490
6487
6484
6482
6482
6480
6480
6479
6479
6478
6478
6477
6476
6474
6474
6474
6474
6473
6473
6472
6472
6472
6472
6472
6471
6471
6468
6467
6464
6462
6462
6462
6461
6460
6459
6459
6458
6457
6456
6456
6456
6455
6454
6454
6454
6454
6451
6451
6450
6449
6449
6449
6448
6447
6446
6444
6444
6443
6443
6441
6440
6440
6439
6439
6438
6438
6437
6434
6433
6433
6429
6428
6425
6425
6424
6424
6423
6422
6421
6421
6419
6418
6418
6416
6414
6414
6412
6409
6405
6402
6402
6400
6398
6397
6397
6393
6393
6392
6391
6390
6390
6389
6389
6389
6388
6386
6385
6385
6384
6383
6382
6382
6382
6380
6379
6375
6372
6371
6370
6370
6369
6367
6366
6366
6365
6362
6361
6361
6360
6359
6358
6358
6358
6358
6357
6356
6356
6356
6355
6354
6354
6353
6352
6351
6348
6348
6344
6344
6341
6341
6340
6340
6339
6339
6339
6338
6338
6337
6335
6330
6329
6328
6327
6327
6327
6327
6327
6326
6320
6320
6319
6319
6318
6317
6315
6315
6315
6315
6314
6314
6313
6313
6312
6312
6311
6311
6310
6308
6308
6307
6305
6303
6301
6301
6300
6299
6299
6296
6296
6296
6295
6295
6294
6294
6294
6292
6292
6290
6289
6289
6287
6287
6285
6284
6284
6283
6282
6282
6281
6280
6278
6276
6276
6276
6275
6275
6272
6271
6271
6270
6268
6267
6266
6265
6265
6264
6264
6262
6262
6259
6259
6258
6256
6254
6253
6251
6250
6250
6249
6248
6246
6246
6245
6245
6244
6242
6242
6241
6240
6239
6239
6236
6235
6234
6233
6233
6232
6232
6232
6229
6227
6227
6226
6226
6225
6224
6224
6223
6221
6220
6215
6215
6214
6212
6211
6210
6210
6210
6209
6208
6208
6207
6206
6205
6205
6202
6201
6200
6199
6199
6197
6195
6194
6194
6194
6192
6190
6189
6189
6188
6188
6187
6186
6184
6183
6183
6180
6180
6178
6177
6175
6172
6172
6169
6169
6169
6167
6167
6166
6166
6165
6163
6163
6162
6161
6161
6161
6158
6157
6156
6156
6155
6154
6154
6152
6150
6149
6148
6146
6144
6143
6142
6142
6142
6141
6140
6139
6137
6136
6135
6134
6131
6131
6130
6130
6129
6127
6127
6127
6125
6123
6121
6121
6120
6118
6118
6118
6118
6117
6117
6114
6113
6113
6113
6109
6107
6104
6103
6103
6101
6101
6098
6095
6095
6094
6094
6093
6093
6093
6092
6092
6089
6088
6087
6087
6087
6086
6085
6085
6083
6083
6082
6082
6081
6081
6079
6078
6077
6075
6073
6071
6070
6070
6069
6067
6066
6066
6065
6064
6062
6059
6059
6058
6058
6056
6055
6054
6053
6050
6046
6044
6044
6044
6043
6042
6042
6041
6041
6040
6040
6036
6035
6035
6033
6032
6029
6029
6029
6028
6028
6027
6027
6026
6026
6026
6025
6024
6022
6021
6010
6010
6009
6009
6009
6009
6008
6007
6006
6006
6004
6003
6001
5999
5998
5994
5992
5992
5992
5991
5990
5990
5990
5988
5988
5987
5986
5986
5983
5980
5974
5974
5971
5971
5970
5968
5968
5965
5964
5963
5960
5960
5959
5959
5958
5958
5957
5957
5954
5951
5950
5950
5949
5948
5948
5947
5946
5946
5945
5944
5944
5943
5943
5941
5939
5939
5939
5939
5936
5935
5934
5934
5931
5931
5929
5925
5925
5924
5923
5922
5921
5921
5920
5920
5919
5919
5917
5916
5915
5913
5910
5909
5907
5905
5903
5902
5901
5900
5899
5899
5898
5898
5896
5896
5896
5896
5896
5896
5895
5895
5895
5893
5893
5891
5890
5889
5889
5886
5884
5883
5882
5882
5882
5882
5881
5881
5880
5880
5877
5875
5873
5871
5871
5871
5870
5870
5868
5867
5867
5867
5867
5866
5866
5866
5865
5865
5861
5861
5860
5860
5859
5856
5856
5855
5855
5853
5851
5849
5848
5847
5847
5846
5846
5846
5845
5844
5842
5841
5840
5839
5838
5837
5837
5836
5834
5830
5829
5826
5825
5825
5820
5814
5813
5812
5811
5810
5808
5806
5806
5806
5804
5804
5804
5803
5801
5800
5800
5799
5798
5797
5796
5795
5795
5794
5794
5793
5792
5792
5792
5791
5791
5791
5791
5790
5790
5790
5789
5789
5788
5787
5787
5784
5783
5782
5781
5781
5780
5779
5779
5777
5776
5776
5774
5773
5772
5770
5770
5769
5768
5766
5765
5765
5763
5762
5762
5760
5760
5759
5758
5756
5755
5755
5754
5752
5752
5752
5750
5750
5750
5747
5745
5744
5743
5742
5741
5740
5739
5739
5735
5734
5733
5732
5732
5730
5727
5725
5725
5725
5724
5723
5723
5722
5722
5717
5716
5715
5715
5714
5713
5713
5713
5712
5711
5708
5708
5707
5707
5705
5703
5703
5701
5699
5699
5697
5696
5696
5694
5694
5693
5691
5690
5687
5685
5684
5684
5684
5684
5683
5683
5683
5682
5680
5680
5679
5678
5677
5677
5676
5676
5675
5674
5671
5671
5671
5671
5670
5669
5669
5667
5667
5666
5665
5665
5665
5664
5663
5662
5662
5661
5660
5657
5656
5656
5654
5653
5653
5652
5651
5651
5649
5648
5642
5639
5639
5638
5637
5637
5633
5633
5632
5627
5626
5626
5624
5623
5620
5619
5616
5616
5616
5615
5615
5615
5614
5614
5614
5613
5613
5612
5612
5610
5609
5609
5608
5607
5606
5606
5604
5604
5602
5602
5598
5597
5597
5596
5595
5595
5595
5595
5594
5593
5593
5592
5591
5589
5588
5587
5586
5585
5584
5584
5583
5582
5582
5582
5580
5579
5579
5578
5577
5577
5576
5572
5570
5568
5568
5566
5565
5563
5563
5563
5562
5557
5557
5556
5554
5554
5551
5549
5549
5548
5547
5546
5543
5543
5540
5539
5536
5534
5534
5534
5532
5529
5529
5528
5528
5527
5526
5526
5525
5523
5523
5522
5522
5521
5519
5518
5517
5515
5514
5514
5513
5512
5512
5511
5508
5507
5506
5505
5505
5504
5502
5502
5501
5501
5501
5501
5501
5501
5499
5499
5497
5495
5495
5495
5494
5493
5487
5486
5486
5485
5485
5484
5484
5484
5482
5482
5482
5481
5479
5477
5477
5477
5477
5475
5475
5475
5475
5475
5474
5471
5469
5468
5466
5465
5464
5464
5462
5461
5460
5459
5458
5457
5456
5456
5454
5454
5452
5448
5447
5446
5446
5445
5444
5441
5441
5439
5439
5438
5437
5437
5436
5435
5435
5434
5434
5433
5433
5432
5432
5432
5431
5430
5430
5429
5427
5427
5426
5425
5425
5423
5422
5422
5422
5421
5420
5419
5419
5416
5414
5414
5412
5411
5411
5410
5408
5408
5408
5406
5406
5405
5403
5402
5401
5401
5400
5399
5397
5397
5396
5396
5394
5394
5393
5393
5393
5393
5392
5391
5391
5388
5387
5387
5386
5386
5384
5382
5381
5379
5376
5376
5376
5376
5376
5374
5372
5371
5370
5370
5369
5369
5364
5362
5361
5361
5361
5360
5357
5350
5349
5349
5348
5347
5347
5345
5345
5340
5338
5338
5338
5338
5335
5335
5334
5334
5332
5331
5328
5326
5326
5322
5322
5321
5319
5319
5319
5318
5317
5315
5315
5314
5314
5312
5312
5312
5311
5304
5304
5302
5302
5302
5301
5300
5299
5299
5299
5298
5297
5296
5295
5294
5293
5292
5290
5290
5289
5289
5288
5288
5287
5284
5283
5283
5280
5280
5279
5278
5278
5278
5277
5276
5275
5273
5272
5272
5271
5271
5271
5269
5268
5268
5266
5264
5262
5261
5260
5258
5257
5257
5255
5254
5252
5250
5249
5249
5249
5249
5248
5246
5244
5244
5243
5241
5241
5240
5238
5237
5237
5236
5235
5234
5233
5232
5232
5231
5229
5226
5226
5224
5223
5223
5222
5221
5220
5219
5218
5217
5216
5215
5214
5213
5213
5211
5211
5211
5210
5208
5208
5207
5207
5206
5205
5204
5201
5201
5200
5200
5199
5198
5198
5195
5194
5192
5191
5191
5191
5189
5188
5185
5184
5184
5183
5183
5181
5181
5179
5177
5175
5173
5173
5173
5173
5171
5171
5167
5167
5167
5164
5164
5163
5163
5162
5162
5162
5161
5161
5161
5161
5160
5160
5160
5158
5157
5156
5154
5152
5151
5151
5148
5148
5147
5147
5147
5146
5140
5139
5138
5138
5137
5136
5136
5135
5133
5133
5132
5131
5129
5129
5128
5127
5127
5126
5125
5125
5125
5125
5124
5124
5123
5122
5122
5122
5122
5121
5119
5117
5116
5116
5116
5116
5114
5112
5111
5110
5110
5109
5109
5108
5107
5106
5104
5103
5103
5102
5102
5101
5101
5101
5100
5100
5099
5097
5096
5092
5091
5091
5091
5090
5090
5088
5088
5087
5087
5085
5082
5079
5079
5078
5078
5078
5077
5076
5076
5075
5074
5073
5073
5073
5071
5071
5070
5069
5068
5068
5067
5060
5059
5058
5058
5057
5056
5056
5055
5055
5053
5051
5051
5050
5050
5050
5049
5048
5047
5047
5047
5046
5043
5041
5040
5039
5039
5037
5036
5034
5032
5031
5031
5030
5029
5029
5029
5028
5027
5027
5027
5024
5022
5022
5020
5020
5020
5020
5019
5018
5018
5018
5017
5017
5017
5016
5016
5012
5012
5012
5011
5011
5008
5008
5007
5007
5006
5005
5002
5002
5000
4999
4998
4997
4997
4997
4995
4994
4994
4993
4993
4993
4991
4990
4986
4985
4985
4982
4980
4979
4978
4978
4978
4978
4977
4976
4975
4975
4974
4974
4974
4974
4973
4972
4972
4970
4968
4966
4966
4965
4963
4963
4962
4961
4961
4960
4960
4959
4958
4956
4955
4954
4953
4952
4951
4949
4948
4948
4945
4945
4944
4943
4943
4942
4942
4941
4938
4938
4938
4938
4937
4936
4933
4929
4927
4924
4923
4921
4920
4919
4918
4918
4918
4915
4915
4911
4911
4911
4911
4909
4909
4908
4908
4905
4904
4904
4904
4903
4902
4898
4897
4897
4897
4894
4893
4893
4893
4890
4888
4888
4888
4887
4886
4886
4886
4885
4885
4883
4883
4883
4882
4882
4881
4880
4879
4878
4877
4877
4873
4873
4871
4869
4868
4867
4866
4861
4861
4860
4860
4859
4858
4858
4857
4857
4856
4855
4855
4854
4853
4852
4851
4851
4849
4849
4848
4847
4846
4844
4843
4843
4843
4842
4842
4840
4839
4839
4838
4838
4837
4832
4830
4829
4829
4827
4826
4825
4824
4823
4821
4820
4820
4820
4818
4817
4816
4815
4815
4814
4812
4812
4812
4811
4810
4810
4809
4808
4807
4807
4805
4804
4803
4803
4803
4802
4799
4799
4799
4797
4796
4796
4795
4795
4794
4792
4790
4789
4786
4785
4783
4782
4782
4782
4781
4781
4780
4777
4777
4776
4776
4776
4775
4773
4773
4770
4769
4769
4769
4768
4767
4767
4765
4763
4761
4760
4760
4759
4758
4757
4757
4756
4755
4754
4753
4751
4750
4747
4747
4747
4745
4745
4744
4744
4744
4744
4743
4743
4742
4742
4742
4741
4741
4740
4740
4738
4737
4736
4735
4734
4732
4731
4731
4730
4730
4729
4729
4728
4727
4723
4722
4721
4720
4720
4720
4719
4719
4719
4718
4718
4715
4715
4714
4713
4712
4711
4710
4709
4709
4709
4708
4708
4706
4706
4705
4704
4704
4704
4703
4702
4702
4700
4699
4699
4698
4694
4693
4693
4691
4690
4689
4688
4688
4687
4683
4683
4683
4680
4679
4678
4677
4676
4676
4676
4674
4674
4673
4672
4670
4668
4665
4664
4664
4663
4663
4663
4663
4661
4660
4659
4658
4658
4656
4656
4656
4655
4654
4653
4651
4650
4649
4649
4649
4647
4647
4647
4646
4646
4646
4645
4644
4643
4643
4642
4641
4638
4637
4637
4637
4635
4634
4633
4631
4630
4629
4628
4626
4626
4625
4625
4621
4619
4619
4618
4617
4617
4616
4614
4614
4613
4612
4611
4611
4610
4608
4605
4604
4604
4603
4601
4601
4600
4599
4598
4598
4598
4598
4597
4596
4595
4595
4595
4593
4593
4592
4592
4590
4589
4589
4586
4584
4584
4584
4583
4582
4580
4577
4576
4576
4575
4575
4575
4574
4572
4569
4567
4567
4567
4563
4563
4562
4562
4562
4561
4561
4561
4560
4559
4559
4557
4556
4554
4552
4552
4551
4550
4549
4547
4547
4547
4547
4543
4541
4540
4540
4538
4538
4537
4536
4536
4536
4535
4535
4533
4532
4530
4530
4529
4529
4527
4526
4526
4524
4524
4523
4523
4522
4518
4516
4515
4513
4513
4513
4513
4512
4511
4511
4510
4510
4505
4498
4498
4498
4498
4497
4496
4495
4494
4493
4492
4491
4487
4486
4486
4485
4484
4484
4481
4481
4478
4478
4478
4477
4473
4473
4473
4473
4472
4464
4464
4463
4463
4463
4463
4463
4461
4460
4459
4459
4458
4457
4456
4456
4454
4453
4453
4451
4449
4447
4445
4445
4444
4444
4444
4444
4444
4442
4442
4442
4440
4440
4439
4438
4437
4436
4434
4434
4431
4431
4430
4428
4428
4428
4427
4426
4425
4425
4425
4424
4423
4422
4420
4420
4419
4418
4417
4417
4416
4415
4415
4415
4413
4413
4412
4408
4407
4406
4404
4402
4400
4400
4400
4398
4397
4396
4396
4394
4391
4391
4391
4389
4388
4387
4386
4386
4385
4385
4383
4383
4382
4379
4378
4377
4377
4376
4376
4376
4376
4375
4374
4372
4372
4372
4372
4370
4368
4365
4364
4362
4361
4359
4359
4359
4358
4358
4357
4356
4355
4351
4350
4350
4350
4349
4349
4348
4348
4346
4346
4346
4344
4344
4343
4343
4342
4341
4339
4337
4336
4335
4335
4335
4334
4334
4333
4330
4330
4328
4328
4328
4327
4327
4324
4323
4321
4321
4321
4320
4320
4319
4316
4316
4315
4313
4312
4312
4312
4311
4309
4308
4307
4307
4306
4305
4305
4303
4303
4302
4301
4301
4300
4300
4299
4299
4298
4297
4296
4296
4295
4293
4291
4291
4290
4288
4285
4285
4282
4282
4281
4280
4280
4279
4276
4275
4274
4274
4272
4272
4271
4270
4269
4266
4265
4265
4265
4264
4263
4262
4261
4258
4258
4256
4255
4254
4254
4253
4252
4249
4248
4248
4248
4248
4247
4246
4246
4246
4245
4243
4243
4242
4241
4240
4240
4239
4239
4237
4236
4232
4230
4230
4228
4228
4227
4227
4227
4226
4226
4225
4223
4222
4220
4217
4216
4216
4214
4213
4213
4213
4212
4211
4209
4209
4207
4207
4205
4204
4202
4202
4201
4201
4200
4198
4197
4197
4194
4194
4193
4192
4190
4189
4188
4187
4187
4184
4184
4181
4178
4177
4175
4174
4174
4173
4173
4173
4172
4172
4171
4170
4169
4168
4167
4166
4166
4164
4162
4158
4157
4156
4153
4153
4152
4148
4146
4146
4146
4145
4144
4143
4143
4142
4142
4141
4140
4140
4138
4137
4136
4136
4135
4134
4133
4133
4131
4129
4128
4127
4126
4123
4123
4120
4120
4119
4118
4117
4116
4116
4116
4112
4110
4107
4106
4106
4102
4101
4100
4100
4099
4098
4098
4097
4096
4093
4092
4091
4091
4090
4089
4087
4086
4086
4084
4083
4082
4082
4082
4081
4080
4080
4077
4076
4075
4074
4074
4072
4072
4072
4071
4069
4068
4067
4067
4066
4065
4064
4064
4062
4060
4060
4059
4058
4058
4057
4057
4057
4057
4056
4055
4055
4054
4053
4051
4050
4049
4048
4048
4048
4046
4045
4045
4044
4043
4042
4041
4040
4040
4039
4038
4038
4037
4037
4036
4035
4033
4032
4032
4031
4031
4029
4027
4026
4026
4025
4025
4025
4024
4024
4022
4021
4019
4018
4018
4017
4016
4016
4016
4015
4013
4013
4013
4012
4010
4010
4009
4009
4005
4005
4005
4004
4003
4002
4001
4001
3999
3998
3997
3996
3996
3995
3989
3989
3989
3987
3986
3984
3982
3979
3978
3978
3977
3976
3973
3973
3972
3971
3970
3969
3969
3968
3966
3964
3963
3963
3962
3961
3960
3959
3959
3957
3957
3955
3954
3952
3950
3946
3945
3945
3943
3943
3942
3939
3937
3934
3932
3932
3932
3931
3930
3928
3928
3926
3925
3923
3923
3922
3922
3921
3921
3919
3919
3916
3915
3914
3914
3914
3914
3913
3911
3911
3911
3909
3907
3906
3906
3906
3905
3904
3904
3902
3902
3902
3899
3899
3899
3899
3897
3896
3896
3893
3892
3892
3891
3891
3890
3890
3887
3886
3884
3882
3880
3880
3878
3877
3877
3877
3876
3873
3872
3872
3872
3871
3870
3870
3869
3869
3868
3868
3868
3868
3867
3865
3864
3863
3860
3860
3860
3859
3857
3856
3854
3854
3854
3854
3853
3853
3852
3850
3850
3849
3849
3849
3848
3847
3847
3847
3844
3839
3838
3838
3837
3837
3837
3836
3835
3835
3834
3834
3831
3829
3829
3828
3827
3823
3823
3823
3823
3823
3820
3819
3819
3819
3818
3818
3817
3817
3817
3814
3813
3813
3810
3809
3808
3807
3807
3807
3804
3803
3803
3801
3798
3795
3793
3790
3789
3789
3787
3786
3786
3784
3783
3783
3783
3782
3780
3779
3779
3777
3776
3775
3775
3774
3773
3772
3772
3771
3769
3767
3767
3766
3765
3763
3762
3760
3760
3760
3759
3758
3757
3757
3755
3754
3754
3753
3753
3753
3751
3750
3749
3749
3749
3748
3748
3747
3745
3745
3744
3742
3741
3741
3740
3738
3736
3736
3733
3732
3731
3729
3728
3726
3725
3725
3722
3720
3719
3719
3718
3716
3716
3715
3714
3711
3710
3709
3707
3707
3707
3706
3706
3705
3704
3703
3703
3703
3702
3701
3700
3699
3698
3698
3697
3697
3695
3695
3695
3685
3685
3685
3685
3683
3682
3682
3680
3679
3679
3678
3678
3678
3677
3676
3676
3675
3674
3674
3671
3671
3671
3671
3671
3670
3669
3668
3667
3666
3666
3665
3665
3664
3663
3663
3660
3659
3657
3655
3655
3655
3654
3654
3652
3652
3652
3650
3650
3650
3649
3649
3649
3648
3643
3641
3641
3640
3636
3636
3636
3635
3632
3632
3632
3631
3631
3630
3630
3629
3625
3623
3623
3622
3621
3619
3616
3616
3615
3614
3613
3611
3611
3611
3610
3609
3608
3608
3608
3607
3606
3606
3605
3605
3604
3603
3603
3601
3601
3601
3600
3600
3600
3596
3595
3594
3593
3593
3593
3592
3592
3591
3590
3590
3588
3587
3587
3587
3586
3583
3582
3581
3581
3581
3576
3575
3575
3575
3574
3574
3574
3573
3572
3572
3572
3572
3571
3571
3571
3571
3569
3568
3565
3564
3564
3564
3563
3563
3563
3562
3562
3562
3561
3561
3560
3557
3555
3555
3551
3549
3544
3544
3542
3539
3534
3534
3531
3530
3528
3526
3525
3525
3518
3517
3514
3514
3514
3513
3510
3509
3508
3507
3507
3507
3505
3505
3504
3503
3503
3503
3502
3500
3500
3500
3498
3498
3497
3497
3495
3495
3494
3494
3494
3493
3492
3491
3490
3490
3488
3488
3487
3487
3487
3484
3482
3481
3481
3480
3476
3475
3475
3474
3474
3474
3472
3472
3472
3472
3470
3470
3467
3466
3465
3465
3463
3460
3460
3460
3458
3457
3457
3456
3456
3450
3450
3449
3449
3449
3448
3448
3447
3447
3446
3445
3444
3444
3437
3436
3436
3435
3435
3431
3430
3429
3429
3429
3428
3428
3427
3427
3425
3424
3422
3420
3419
3418
3417
3416
3416
3415
3413
3412
3410
3409
3408
3408
3406
3406
3405
3405
3402
3400
3400
3398
3395
3393
3393
3393
3392
3391
3390
3389
3389
3388
3388
3387
3386
3385
3383
3383
3381
3380
3380
3379
3379
3379
3378
3378
3378
3377
3377
3375
3375
3374
3374
3373
3373
3372
3370
3369
3368
3368
3367
3365
3364
3364
3363
3363
3363
3362
3362
3361
3361
3360
3359
3358
3357
3357
3357
3357
3356
3356
3355
3355
3354
3353
3353
3353
3349
3348
3346
3346
3346
3344
3343
3342
3342
3340
3339
3339
3338
3336
3336
3335
3335
3334
3329
3328
3327
3326
3324
3322
3321
3320
3320
3320
3319
3317
3316
3315
3313
3312
3311
3310
3308
3308
3308
3303
3303
3302
3302
3302
3301
3301
3300
3299
3299
3298
3297
3297
3296
3296
3294
3290
3287
3286
3286
3285
3284
3283
3281
3280
3279
3277
3276
3276
3276
3275
3275
3275
3273
3273
3272
3272
3270
3269
3268
3268
3267
3267
3266
3265
3264
3263
3261
3261
3260
3260
3259
3259
3258
3258
3256
3256
3252
3252
3252
3252
3249
3247
3247
3244
3244
3240
3238
3238
3238
3236
3236
3235
3235
3235
3234
3231
3229
3228
3228
3227
3225
3225
3224
3222
3222
3219
3214
3214
3213
3212
3210
3210
3209
3207
3206
3206
3206
3205
3205
3205
3202
3201
3200
3199
3198
3197
3197
3193
3192
3190
3188
3188
3185
3182
3182
3179
3178
3177
3177
3175
3174
3174
3173
3170
3170
3169
3168
3168
3167
3166
3165
3165
3164
3164
3164
3163
3161
3160
3159
3156
3153
3153
3153
3152
3152
3150
3149
3149
3146
3146
3146
3145
3145
3145
3145
3144
3143
3141
3140
3139
3138
3137
3137
3136
3136
3133
3133
3130
3130
3129
3129
3128
3128
3127
3127
3126
3125
3120
3120
3118
3117
3116
3116
3115
3115
3112
3112
3109
3107
3107
3104
3104
3103
3102
3102
3100
3099
3098
3096
3095
3092
3091
3090
3089
3089
3087
3087
3086
3085
3084
3083
3083
3082
3082
3078
3078
3077
3076
3074
3072
3070
3069
3068
3065
3064
3064
3064
3064
3061
3060
3060
3059
3059
3058
3057
3056
3056
3055
3055
3055
3055
3053
3053
3049
3048
3046
3046
3046
3043
3043
3042
3041
3039
3039
3036
3034
3034
3032
3030
3028
3028
3028
3026
3025
3025
3024
3023
3023
3022
3021
3021
3020
3017
3016
3016
3015
3015
3014
3014
3013
3012
3012
3011
3011
3011
3010
3009
3007
3006
3006
3004
3002
2995
2995
2993
2992
2991
2990
2988
2988
2988
2988
2988
2984
2983
2982
2982
2982
2981
2981
2981
2980
2979
2979
2976
2973
2970
2969
2968
2967
2965
2965
2965
2965
2964
2963
2963
2962
2961
2961
2960
2959
2959
2958
2957
2955
2954
2954
2953
2952
2951
2947
2946
2946
2946
2946
2945
2942
2941
2939
2939
2939
2937
2936
2936
2935
2935
2933
2930
2930
2930
2929
2927
2927
2925
2923
2922
2921
2920
2920
2919
2915
2915
2914
2913
2913
2912
2912
2911
2910
2909
2908
2906
2906
2906
2904
2903
2902
2901
2900
2900
2900
2899
2899
2899
2895
2894
2894
2893
2892
2891
2890
2890
2889
2887
2885
2884
2884
2883
2882
2880
2878
2878
2877
2877
2876
2873
2873
2873
2871
2868
2867
2867
2866
2866
2866
2864
2864
2863
2862
2861
2861
2859
2858
2858
2857
2857
2856
2856
2854
2851
2850
2848
2845
2845
2842
2840
2838
2837
2836
2836
2835
2833
2833
2831
2831
2831
2828
2828
2826
2824
2823
2823
2822
2820
2820
2820
2819
2818
2816
2816
2816
2816
2814
2813
2813
2813
2812
2811
2811
2810
2809
2806
2805
2803
2803
2801
2801
2799
2798
2796
2796
2796
2795
2795
2793
2792
2791
2790
2788
2788
2788
2787
2785
2785
2785
2784
2784
2783
2780
2780
2779
2779
2778
2776
2776
2776
2775
2774
2774
2773
2772
2772
2771
2771
2771
2770
2768
2767
2766
2766
2765
2763
2761
2761
2760
2760
2759
2757
2757
2756
2753
2752
2752
2748
2741
2740
2739
2738
2738
2738
2737
2736
2736
2734
2733
2732
2729
2729
2725
2723
2722
2722
2721
2720
2719
2714
2712
2712
2711
2711
2709
2708
2708
2708
2707
2707
2707
2707
2706
2706
2706
2705
2703
2702
2701
2700
2700
2697
2696
2695
2692
2690
2690
2690
2688
2688
2688
2686
2685
2684
2683
2683
2683
2682
2682
2679
2678
2678
2677
2677
2676
2673
2672
2669
2669
2664
2664
2663
2662
2661
2661
2660
2660
2659
2659
2659
2658
2658
2656
2654
2653
2650
2650
2649
2648
2646
2646
2643
2643
2642
2641
2640
2639
2638
2638
2636
2636
2635
2632
2632
2631
2629
2628
2628
2627
2626
2625
2625
2624
2624
2622
2619
2618
2618
2618
2617
2614
2613
2612
2612
2612
2612
2611
2611
2611
2607
2606
2606
2605
2604
2603
2602
2602
2602
2600
2600
2599
2596
2596
2595
2594
2594
2591
2591
2590
2590
2588
2586
2585
2582
2581
2581
2581
2580
2579
2577
2576
2576
2576
2575
2573
2572
2572
2571
2570
2570
2570
2570
2569
2569
2569
2569
2566
2564
2564
2563
2563
2560
2559
2559
2558
2558
2557
2555
2553
2551
2551
2549
2548
2544
2539
2537
2535
2535
2533
2532
2532
2531
2530
2529
2529
2525
2524
2524
2523
2522
2522
2522
2522
2520
2519
2519
2518
2517
2516
2515
2515
2515
2510
2509
2509
2508
2508
2506
2505
2505
2502
2500
2500
2499
2498
2498
2498
2497
2497
2496
2493
2493
2493
2492
2491
2491
2491
2488
2488
2488
2487
2487
2484
2484
2483
2482
2482
2481
2477
2476
2476
2475
2475
2474
2474
2473
2472
2471
2469
2467
2465
2464
2463
2462
2461
2461
2460
2456
2456
2456
2455
2454
2452
2452
2451
2450
2450
2449
2449
2448
2447
2447
2446
2446
2444
2443
2443
2442
2442
2441
2441
2440
2435
2435
2433
2432
2431
2431
2430
2429
2428
2426
2424
2424
2424
2421
2420
2420
2417
2415
2415
2415
2414
2413
2413
2412
2412
2411
2410
2409
2408
2406
2401
2400
2399
2397
2397
2396
2396
2391
2391
2390
2390
2388
2385
2383
2383
2382
2382
2381
2378
2378
2377
2376
2375
2372
2371
2371
2370
2370
2369
2369
2368
2367
2367
2365
2365
2363
2362
2361
2359
2356
2353
2352
2348
2345
2342
2342
2342
2341
2340
2340
2339
2339
2338
2337
2336
2335
2334
2333
2330
2328
2328
2328
2327
2327
2327
2324
2323
2323
2323
2323
2321
2321
2320
2319
2318
2317
2317
2316
2314
2313
2311
2311
2311
2309
2307
2306
2306
2305
2305
2303
2303
2302
2300
2300
2300
2298
2292
2292
2292
2290
2289
2288
2288
2287
2285
2285
2284
2284
2283
2281
2280
2279
2279
2279
2279
2279
2277
2277
2274
2274
2272
2272
2272
2272
2271
2270
2269
2268
2268
2268
2263
2262
2262
2261
2258
2257
2255
2254
2254
2253
2251
2250
2249
2249
2249
2249
2248
2246
2246
2246
2245
2244
2244
2240
2240
2239
2239
2238
2238
2237
2236
2235
2235
2234
2234
2230
2230
2229
2229
2227
2227
2226
2224
2224
2218
2218
2214
2213
2212
2211
2211
2211
2210
2210
2209
2209
2208
2208
2207
2207
2205
2205
2204
2204
2202
2202
2202
2199
2199
2197
2197
2197
2197
2194
2194
2193
2193
2193
2193
2191
2191
2190
2190
2190
2188
2188
2187
2184
2182
2182
2181
2180
2180
2179
2174
2172
2170
2170
2170
2167
2167
2167
2166
2165
2164
2164
2163
2163
2163
2160
2159
2158
2157
2157
2156
2155
2155
2153
2153
2152
2151
2151
2149
2148
2147
2147
2147
2146
2145
2144
2142
2142
2141
2141
2140
2139
2138
2138
2136
2136
2135
2135
2133
2133
2133
2131
2130
2129
2129
2127
2126
2126
2125
2124
2123
2122
2121
2119
2118
2118
2115
2114
2114
2114
2113
2113
2109
2109
2109
2108
2108
2107
2107
2105
2103
2101
2101
2099
2094
2094
2093
2092
2091
2087
2087
2086
2085
2085
2084
2084
2083
2083
2083
2079
2076
2075
2072
2072
2071
2069
2068
2067
2067
2067
2066
2065
2063
2062
2060
2060
2056
2056
2055
2055
2053
2052
2052
2050
2048
2047
2047
2047
2047
2045
2044
2043
2042
2041
2041
2040
2038
2036
2036
2033
2033
2033
2031
2031
2028
2027
2027
2027
2026
2024
2024
2022
2022
2022
2021
2021
2020
2019
2018
2018
2017
2017
2017
2016
2014
2013
2012
2012
2012
2010
2009
2009
2008
2007
2006
2003
2002
2002
2000
1998
1998
1998
1998
1997
1997
1996
1996
1995
1993
1992
1989
1989
1987
1986
1985
1984
1983
1983
1983
1981
1980
1976
1976
1975
1974
1972
1971
1970
1970
1967
1964
1963
1962
1962
1961
1961
1961
1960
1958
1954
1953
1953
1951
1951
1949
1946
1944
1944
1944
1941
1939
1939
1939
1939
1939
1939
1937
1936
1935
1934
1933
1932
1931
1930
1929
1927
1926
1925
1924
1924
1922
1922
1922
1922
1920
1920
1919
1919
1918
1918
1917
1917
1915
1915
1915
1914
1913
1912
1912
1910
1910
1909
1909
1907
1906
1904
1903
1901
1900
1899
1897
1893
1892
1892
1891
1891
1889
1887
1886
1886
1886
1886
1883
1882
1880
1876
1875
1875
1874
1874
1874
1873
1872
1870
1870
1869
1867
1867
1865
1865
1864
1863
1862
1862
1861
1858
1857
1857
1857
1857
1857
1856
1854
1854
1852
1851
1851
1850
1849
1849
1846
1844
1843
1843
1839
1839
1837
1837
1836
1835
1835
1834
1834
1834
1834
1833
1833
1832
1832
1832
1831
1829
1828
1827
1827
1824
1822
1821
1820
1820
1819
1819
1818
1818
1817
1815
1814
1813
1811
1811
1810
1808
1808
1807
1807
1806
1806
1805
1800
1800
1799
1798
1796
1796
1795
1795
1794
1794
1793
1790
1788
1787
1786
1786
1785
1785
1784
1784
1783
1781
1781
1781
1780
1780
1780
1779
1778
1778
1778
1778
1777
1776
1774
1771
1771
1771
1770
1770
1768
1768
1766
1765
1765
1764
1764
1764
1763
1761
1761
1761
1759
1759
1759
1758
1758
1756
1756
1751
1751
1750
1750
1748
1748
1744
1744
1743
1743
1742
1740
1740
1739
1738
1737
1737
1737
1736
1734
1732
1731
1730
1730
1730
1730
1730
1729
1729
1729
1728
1728
1728
1727
1727
1726
1725
1724
1723
1721
1719
1717
1716
1716
1715
1713
1712
1708
1708
1707
1706
1705
1705
1705
1705
1705
1704
1702
1701
1701
1700
1700
1700
1699
1698
1697
1696
1696
1695
1694
1693
1693
1692
1692
1689
1689
1687
1686
1685
1684
1684
1683
1682
1681
1681
1680
1680
1678
1678
1677
1677
1674
1673
1673
1672
1672
1671
1671
1669
1668
1665
1664
1664
1663
1661
1661
1661
1660
1658
1657
1654
1654
1653
1652
1651
1648
1646
1644
1644
1644
1642
1642
1641
1641
1640
1640
1635
1634
1632
1632
1632
1629
1628
1627
1627
1624
1624
1624
1623
1623
1621
1621
1621
1621
1621
1620
1618
1617
1616
1615
1614
1613
1611
1611
1611
1610
1608
1608
1607
1607
1606
1602
1602
1601
1599
1599
1599
1597
1597
1596
1596
1595
1594
1594
1592
1591
1590
1586
1585
1584
1582
1582
1580
1580
1578
1578
1578
1577
1576
1575
1574
1573
1573
1572
1572
1570
1570
1569
1569
1569
1568
1568
1568
1568
1567
1567
1566
1563
1563
1563
1558
1558
1558
1557
1556
1555
1555
1555
1554
1554
1553
1552
1549
1548
1547
1545
1544
1543
1542
1541
1540
1540
1539
1538
1537
1537
1537
1536
1535
1534
1532
1532
1532
1531
1530
1529
1528
1527
1526
1525
1525
1520
1520
1519
1517
1517
1513
1511
1509
1506
1506
1504
1503
1502
1500
1500
1499
1496
1495
1495
1492
1491
1491
1490
1490
1490
1490
1490
1490
1488
1488
1488
1487
1486
1485
1484
1483
1482
1482
1480
1479
1478
1476
1476
1474
1473
1472
1470
1469
1469
1467
1466
1465
1465
1462
1461
1458
1458
1457
1457
1455
1453
1453
1453
1451
1449
1449
1447
1447
1447
1446
1445
1445
1443
1442
1440
1439
1439
1437
1437
1436
1436
1435
1434
1434
1432
1432
1431
1429
1429
1427
1426
1424
1424
1423
1423
1422
1420
1420
1419
1419
1418
1417
1417
1417
1417
1416
1415
1411
1409
1408
1408
1407
1407
1406
1405
1403
1401
1401
1400
1398
1398
1398
1397
1396
1394
1394
1393
1393
1392
1391
1391
1389
1388
1384
1384
1381
1380
1380
1380
1379
1379
1373
1372
1371
1368
1365
1365
1363
1362
1362
1362
1360
1359
1359
1358
1357
1357
1356
1354
1352
1352
1351
1351
1349
1348
1346
1346
1345
1343
1343
1342
1341
1340
1339
1338
1337
1335
1334
1332
1331
1330
1328
1328
1327
1327
1326
1326
1323
1323
1322
1322
1322
1320
1319
1318
1318
1318
1312
1309
1308
1308
1308
1304
1304
1302
1302
1301
1299
1299
1299
1299
1298
1295
1294
1294
1292
1291
1291
1291
1290
1289
1288
1284
1284
1283
1282
1281
1279
1278
1278
1277
1277
1276
1274
1271
1269
1268
1267
1265
1261
1260
1255
1255
1253
1252
1250
1249
1248
1247
1244
1241
1241
1241
1240
1239
1239
1238
1238
1237
1237
1236
1236
1236
1236
1236
1233
1232
1232
1231
1231
1228
1228
1227
1226
1226
1225
1224
1222
1222
1220
1219
1218
1216
1215
1215
1215
1213
1210
1209
1207
1206
1205
1205
1205
1201
1197
1196
1196
1195
1195
1193
1190
1188
1187
1187
1187
1184
1183
1178
1176
1175
1175
1174
1174
1173
1173
1172
1170
1169
1169
1168
1168
1166
1162
1161
1161
1157
1157
1157
1156
1156
1154
1154
1152
1152
1150
1150
1146
1145
1145
1144
1144
1143
1142
1141
1141
1140
1139
1135
1135
1133
1132
1131
1131
1128
1127
1126
1126
1124
1122
1121
1120
1118
1118
1117
1116
1115
1115
1115
1114
1114
1113
1111
1109
1108
1108
1108
1107
1106
1106
1104
1102
1101
1100
1100
1097
1094
1094
1092
1092
1091
1091
1091
1090
1087
1087
1087
1084
1084
1084
1083
1083
1081
1080
1079
1079
1076
1076
1075
1074
1073
1071
1071
1070
1069
1069
1068
1067
1066
1066
1065
1064
1064
1063
1063
1062
1061
1061
1061
1060
1060
1060
1059
1059
1059
1055
1054
1053
1052
1048
1048
1048
1048
1046
1046
1044
1044
1043
1042
1041
1040
1040
1039
1039
1038
1038
1038
1037
1037
1036
1036
1035
1035
1034
1033
1032
1031
1030
1030
1030
1028
1028
1027
1026
1026
1024
1023
1022
1022
1021
1019
1019
1019
1018
1018
1017
1017
1015
1015
1014
1013
1012
1012
1011
1008
1006
1004
999
999
998
996
996
994
994
994
993
993
991
989
989
988
988
988
986
986
984
979
978
978
977
976
974
974
974
973
973
971
970
968
968
967
966
966
964
964
962
962
961
960
960
960
959
956
955
955
953
953
952
951
951
950
948
947
945
944
944
943
943
940
940
938
938
937
937
936
934
932
929
929
928
928
927
927
927
927
926
926
924
923
921
921
920
917
914
910
909
908
907
907
905
905
902
902
901
901
900
899
899
898
898
898
897
897
895
895
894
894
892
890
890
890
888
888
887
886
886
886
882
881
880
880
879
879
878
877
876
876
875
874
872
871
871
870
870
870
869
866
866
866
865
865
863
863
863
859
859
856
856
854
854
852
851
851
847
846
845
844
844
844
844
843
843
841
841
837
836
835
835
833
833
832
830
830
828
828
825
825
824
824
824
823
818
818
817
817
816
815
815
812
811
809
806
805
805
802
801
798
797
796
796
796
793
793
792
792
791
790
790
788
787
786
786
785
784
783
782
782
779
778
778
776
774
773
771
769
768
768
768
767
765
765
764
764
762
761
760
760
759
759
758
757
757
756
753
753
753
749
746
745
744
742
741
741
741
736
735
731
731
729
727
725
725
724
723
722
721
718
718
718
718
718
718
716
716
716
711
710
709
709
708
707
706
704
704
704
701
700
700
699
699
698
697
696
695
695
694
694
693
693
692
689
689
687
683
680
678
677
674
673
671
668
667
667
667
667
662
661
661
661
660
660
659
659
659
658
658
657
656
653
653
652
650
649
646
645
645
644
644
643
643
641
641
641
641
639
639
638
638
638
633
633
633
633
632
631
631
630
630
629
627
626
626
625
625
625
624
624
624
623
623
623
622
621
619
618
616
616
615
615
614
614
613
612
608
604
603
602
602
601
599
599
597
596
596
595
595
594
593
592
590
590
590
589
588
585
584
580
579
579
576
576
573
573
572
572
571
569
569
567
567
566
565
565
564
562
561
560
559
558
558
557
556
556
556
554
553
552
552
549
549
546
546
546
543
542
542
541
541
540
540
539
538
537
537
537
535
535
531
531
530
529
528
528
526
525
525
524
524
521
521
521
521
519
517
515
512
511
511
511
510
510
509
508
508
505
499
497
496
496
494
492
492
491
489
488
487
487
485
485
485
484
483
482
482
481
481
480
479
479
479
476
475
474
474
471
468
468
467
466
462
462
462
462
458
458
458
457
455
452
452
451
451
451
451
451
450
448
448
448
447
447
446
446
444
444
443
443
442
442
441
440
440
440
438
438
437
437
436
436
436
434
434
434
431
431
430
429
428
428
426
426
425
424
424
420
420
420
420
419
414
412
412
412
412
411
411
409
408
405
403
402
402
402
400
398
397
397
396
394
394
393
392
392
389
388
385
385
384
384
382
382
378
378
376
374
374
374
372
371
369
368
367
366
366
364
364
363
362
362
360
360
360
360
359
359
358
358
357
356
356
354
353
352
352
351
350
347
346
346
346
345
345
344
343
342
341
340
339
338
337
336
336
336
336
335
333
333
332
332
331
329
329
327
325
325
325
321
321
319
318
318
317
317
315
315
313
313
312
312
310
310
309
309
307
307
306
306
305
305
305
304
302
302
301
301
299
299
298
297
296
296
294
294
293
293
292
292
291
291
290
289
286
282
281
278
276
274
272
272
272
271
271
270
270
269
266
265
262
260
259
259
259
258
258
258
257
257
257
256
256
255
254
252
252
248
246
246
246
246
245
242
241
241
239
239
239
238
238
237
237
236
235
233
231
231
230
230
229
228
223
222
221
221
220
219
218
215
212
211
210
210
209
209
208
207
207
207
207
206
206
205
203
202
202
199
199
199
198
198
197
195
195
195
193
192
192
191
190
188
186
186
185
184
183
183
182
181
180
179
178
177
177
175
173
173
172
172
169
166
165
165
164
162
162
161
159
159
159
157
157
156
155
154
153
153
153
150
150
149
148
148
146
145
145
142
141
141
140
137
137
137
137
136
135
135
135
133
132
130
130
128
127
127
126
126
125
124
124
123
121
121
120
118
118
117
117
115
115
114
114
113
113
112
111
111
110
110
109
109
109
107
106
106
106
105
104
104
103
101
97
96
95
93
92
91
90
89
87
87
86
85
85
81
81
80
72
72
71
71
69
68
67
67
67
66
65
63
63
62
62
60
56
55
54
53
53
50
48
47
46
46
45
44
44
42
40
39
39
38
37
36
36
35
33
32
30
30
29
27
27
26
25
23
22
22
20
19
18
18
18
16
15
13
13
12
10
10
5
5
4
4
4
2
1
1
