9990
9985
9966
9964
9960
9955
9937
9930
9927
9925
9924
9901
9901
9900
9885
9882
9875
9875
9875
9874
9859
9840
9830
9825
9822
9814
9799
9796
9791
9784
9761
9756
9753
9751
9735
9734
9700
9688
9682
9667
9653
9621
9618
9615
9605
9602
9593
9589
9582
9582
9575
9567
9565
9485
9484
9441
9365
9345
9335
9319
9318
9272
9256
9254
9254
9231
9229
9225
9209
9189
9183
9179
9167
9165
9160
9149
9102
9101
9089
9074
9057
9051
9043
9040
9032
9022
9022
9015
9013
9012
9002
8998
8986
8984
8982
8953
8949
8946
8937
8936
8925
8910
8897
8887
8883
8874
8870
8855
8852
8828
8808
8806
8803
8797
8794
8771
8771
8765
8750
8748
8746
8746
8736
8733
8733
8732
8728
8721
8705
8705
8703
8699
8678
8669
8661
8661
8655
8654
8645
8629
8621
8604
8603
8588
8585
8578
8572
8523
8520
8518
8499
8494
8487
8487
8472
8468
8460
8457
8454
8446
8437
8434
8429
8409
8401
8396
8391
8371
8365
8350
8347
8341
8322
8321
8316
8315
8309
8300
8257
8245
8226
8218
8192
8180
8161
8155
8150
8129
8120
8107
8105
8105
8101
8097
8070
8064
8032
8019
8003
7993
7990
7990
7983
7961
7958
7946
7926
7915
7911
7874
7861
7859
7857
7856
7846
7814
7814
7807
7800
7782
7776
7769
7763
7760
7754
7754
7747
7738
7722
7721
7703
7698
7691
7677
7667
7666
7664
7664
7661
7651
7645
7636
7618
7612
7607
7597
7588
7583
7581
7581
7576
7554
7547
7540
7518
7511
7493
7477
7476
7459
7453
7446
7443
7437
7424
7389
7387
7356
7349
7349
7344
7331
7317
7308
7265
7258
7257
7239
7232
7228
7221
7213
7210
7200
7198
7192
7191
7131
7122
7083
7081
7079
7073
7063
7062
7060
7036
7022
7017
7017
7011
7003
6990
6983
6978
6976
6974
6973
6968
6960
6956
6956
6937
6918
6909
6878
6863
6846
6840
6840
6826
6823
6794
6792
6789
6789
6781
6758
6753
6750
6742
6740
6739
6734
6730
6708
6680
6674
6666
6655
6655
6639
6628
6601
6572
6565
6551
6546
6543
6526
6516
6515
6510
6488
6472
6468
6464
6456
6448
6412
6407
6393
6387
6384
6376
6371
6359
6358
6353
6329
6315
6309
6298
6284
6279
6278
6268
6267
6264
6257
6230
6225
6225
6222
6217
6216
6215
6196
6174
6169
6161
6160
6159
6159
6155
6143
6136
6120
6112
6099
6099
6098
6093
6081
6076
6072
6020
6004
5998
5993
5987
5954
5944
5944
5917
5896
5879
5873
5867
5849
5823
5822
5808
5798
5792
5791
5765
5750
5742
5736
5736
5730
5725
5708
5704
5701
5681
5677
5669
5666
5660
5622
5613
5611
5587
5585
5584
5581
5572
5570
5558
5554
5542
5536
5534
5525
5517
5509
5508
5499
5487
5476
5468
5461
5457
5443
5441
5433
5430
5423
5417
5394
5376
5367
5366
5364
5361
5355
5341
5337
5321
5312
5311
5311
5305
5300
5298
5298
5283
5264
5251
5240
5229
5212
5206
5188
5177
5144
5131
5120
5117
5112
5098
5071
5061
5054
5034
5033
5022
5022
5017
5012
5008
5007
5004
4994
4989
4987
4983
4970
4962
4959
4948
4944
4943
4942
4940
4939
4937
4937
4895
4894
4888
4887
4876
4864
4857
4852
4845
4828
4827
4820
4806
4796
4791
4790
4787
4771
4769
4765
4760
4760
4759
4751
4750
4749
4746
4743
4699
4683
4665
4658
4657
4645
4629
4617
4615
4594
4588
4585
4581
4555
4551
4542
4539
4535
4515
4502
4482
4479
4477
4466
4461
4445
4438
4438
4431
4423
4417
4407
4368
4358
4331
4325
4314
4308
4253
4209
4207
4206
4199
4196
4189
4187
4168
4168
4130
4129
4114
4093
4084
4071
4055
4052
4040
4036
4019
4019
3995
3989
3984
3970
3946
3937
3934
3934
3930
3927
3911
3905
3901
3901
3878
3877
3873
3872
3867
3860
3853
3844
3836
3798
3784
3758
3744
3730
3729
3729
3716
3705
3704
3693
3672
3668
3663
3659
3649
3648
3622
3616
3607
3604
3600
3581
3570
3559
3550
3525
3502
3488
3478
3456
3454
3443
3438
3437
3432
3421
3420
3415
3415
3401
3386
3383
3375
3362
3358
3352
3348
3343
3341
3333
3305
3294
3285
3271
3230
3207
3206
3198
3184
3180
3179
3175
3145
3145
3135
3127
3115
3100
3096
3085
3072
3067
3066
3058
3050
3036
3006
3001
2978
2961
2955
2953
2950
2939
2929
2918
2883
2873
2866
2865
2859
2854
2834
2830
2829
2808
2804
2801
2780
2767
2760
2756
2752
2729
2721
2705
2702
2690
2686
2683
2682
2665
2651
2640
2580
2569
2558
2554
2550
2540
2524
2514
2481
2473
2467
2459
2445
2444
2440
2440
2431
2427
2413
2399
2395
2390
2379
2370
2369
2360
2359
2340
2336
2329
2319
2306
2290
2288
2278
2264
2263
2259
2257
2253
2209
2205
2202
2195
2187
2165
2165
2156
2152
2137
2122
2105
2101
2076
2074
2065
2050
2046
2042
2039
2004
1985
1979
1977
1936
1934
1929
1924
1912
1886
1882
1857
1822
1816
1809
1800
1794
1784
1776
1768
1766
1761
1738
1697
1694
1689
1684
1674
1672
1649
1648
1645
1639
1624
1613
1612
1590
1567
1564
1546
1539
1524
1519
1508
1497
1492
1475
1461
1442
1431
1425
1408
1407
1369
1362
1358
1326
1325
1313
1281
1268
1261
1256
1235
1232
1230
1221
1218
1216
1199
1190
1176
1173
1154
1151
1146
1145
1136
1134
1127
1125
1117
1090
1081
1075
1033
1031
987
985
981
979
979
965
961
954
952
947
944
935
925
877
868
867
867
842
820
779
777
743
727
715
701
698
695
682
675
672
662
644
641
635
627
619
617
595
592
590
585
582
581
576
572
513
491
482
480
471
465
458
456
452
444
439
437
427
417
413
382
376
367
365
355
352
352
347
343
306
276
247
233
220
194
184
182
181
178
174
169
151
150
141
134
130
112
110
83
72
43
37
36
32
31
26
22
