22
26
31
32
36
37
43
72
83
110
112
130
134
141
150
151
169
174
178
181
182
184
194
220
233
247
276
306
343
347
352
352
355
365
367
376
382
413
417
427
437
439
444
452
456
458
465
471
480
482
491
513
572
576
581
582
585
590
592
595
617
619
627
635
641
644
662
672
675
682
695
698
701
715
727
743
777
779
820
842
867
867
868
877
925
935
944
947
952
954
961
965
979
979
981
985
987
1031
1033
1075
1081
1090
1117
1125
1127
1134
1136
1145
1146
1151
1154
1173
1176
1190
1199
1216
1218
1221
1230
1232
1235
1256
1261
1268
1281
1313
1325
1326
1358
1362
1369
1407
1408
1425
1431
1442
1461
1475
1492
1497
1508
1519
1524
1539
1546
1564
1567
1590
1612
1613
1624
1639
1645
1648
1649
1672
1674
1684
1689
1694
1697
1738
1761
1766
1768
1776
1784
1794
1800
1809
1816
1822
1857
1882
1886
1912
1924
1929
1934
1936
1977
1979
1985
2004
2039
2042
2046
2050
2065
2074
2076
2101
2105
2122
2137
2152
2156
2165
2165
2187
2195
2202
2205
2209
2253
2257
2259
2263
2264
2278
2288
2290
2306
2319
2329
2336
2340
2359
2360
2369
2370
2379
2390
2395
2399
2413
2427
2431
2440
2440
2444
2445
2459
2467
2473
2481
2514
2524
2540
2550
2554
2558
2569
2580
2640
2651
2665
2682
2683
2686
2690
2702
2705
2721
2729
2752
2756
2760
2767
2780
2801
2804
2808
2829
2830
2834
2854
2859
2865
2866
2873
2883
2918
2929
2939
2950
2953
2955
2961
2978
3001
3006
3036
3050
3058
3066
3067
3072
3085
3096
3100
3115
3127
3135
3145
3145
3175
3179
3180
3184
3198
3206
3207
3230
3271
3285
3294
3305
3333
3341
3343
3348
3352
3358
3362
3375
3383
3386
3401
3415
3415
3420
3421
3432
3437
3438
3443
3454
3456
3478
3488
3502
3525
3550
3559
3570
3581
3600
3604
3607
3616
3622
3648
3649
3659
3663
3668
3672
3693
3704
3705
3716
3729
3729
3730
3744
3758
3784
3798
3836
3844
3853
3860
3867
3872
3873
3877
3878
3901
3901
3905
3911
3927
3930
3934
3934
3937
3946
3970
3984
3989
3995
4019
4019
4036
4040
4052
4055
4071
4084
4093
4114
4129
4130
4168
4168
4187
4189
4196
4199
4206
4207
4209
4253
4308
4314
4325
4331
4358
4368
4407
4417
4423
4431
4438
4438
4445
4461
4466
4477
4479
4482
4502
4515
4535
4539
4542
4551
4555
4581
4585
4588
4594
4615
4617
4629
4645
4657
4658
4665
4683
4699
4743
4746
4749
4750
4751
4759
4760
4760
4765
4769
4771
4787
4790
4791
4796
4806
4820
4827
4828
4845
4852
4857
4864
4876
4887
4888
4894
4895
4937
4937
4939
4940
4942
4943
4944
4948
4959
4962
4970
4983
4987
4989
4994
5004
5007
5008
5012
5017
5022
5022
5033
5034
5054
5061
5071
5098
5112
5117
5120
5131
5144
5177
5188
5206
5212
5229
5240
5251
5264
5283
5298
5298
5300
5305
5311
5311
5312
5321
5337
5341
5355
5361
5364
5366
5367
5376
5394
5417
5423
5430
5433
5441
5443
5457
5461
5468
5476
5487
5499
5508
5509
5517
5525
5534
5536
5542
5554
5558
5570
5572
5581
5584
5585
5587
5611
5613
5622
5660
5666
5669
5677
5681
5701
5704
5708
5725
5730
5736
5736
5742
5750
5765
5791
5792
5798
5808
5822
5823
5849
5867
5873
5879
5896
5917
5944
5944
5954
5987
5993
5998
6004
6020
6072
6076
6081
6093
6098
6099
6099
6112
6120
6136
6143
6155
6159
6159
6160
6161
6169
6174
6196
6215
6216
6217
6222
6225
6225
6230
6257
6264
6267
6268
6278
6279
6284
6298
6309
6315
6329
6353
6358
6359
6371
6376
6384
6387
6393
6407
6412
6448
6456
6464
6468
6472
6488
6510
6515
6516
6526
6543
6546
6551
6565
6572
6601
6628
6639
6655
6655
6666
6674
6680
6708
6730
6734
6739
6740
6742
6750
6753
6758
6781
6789
6789
6792
6794
6823
6826
6840
6840
6846
6863
6878
6909
6918
6937
6956
6956
6960
6968
6973
6974
6976
6978
6983
6990
7003
7011
7017
7017
7022
7036
7060
7062
7063
7073
7079
7081
7083
7122
7131
7191
7192
7198
7200
7210
7213
7221
7228
7232
7239
7257
7258
7265
7308
7317
7331
7344
7349
7349
7356
7387
7389
7424
7437
7443
7446
7453
7459
7476
7477
7493
7511
7518
7540
7547
7554
7576
7581
7581
7583
7588
7597
7607
7612
7618
7636
7645
7651
7661
7664
7664
7666
7667
7677
7691
7698
7703
7721
7722
7738
7747
7754
7754
7760
7763
7769
7776
7782
7800
7807
7814
7814
7846
7856
7857
7859
7861
7874
7911
7915
7926
7946
7958
7961
7983
7990
7990
7993
8003
8019
8032
8064
8070
8097
8101
8105
8105
8107
8120
8129
8150
8155
8161
8180
8192
8218
8226
8245
8257
8300
8309
8315
8316
8321
8322
8341
8347
8350
8365
8371
8391
8396
8401
8409
8429
8434
8437
8446
8454
8457
8460
8468
8472
8487
8487
8494
8499
8518
8520
8523
8572
8578
8585
8588
8603
8604
8621
8629
8645
8654
8655
8661
8661
8669
8678
8699
8703
8705
8705
8721
8728
8732
8733
8733
8736
8746
8746
8748
8750
8765
8771
8771
8794
8797
8803
8806
8808
8828
8852
8855
8870
8874
8883
8887
8897
8910
8925
8936
8937
8946
8949
8953
8982
8984
8986
8998
9002
9012
9013
9015
9022
9022
9032
9040
9043
9051
9057
9074
9089
9101
9102
9149
9160
9165
9167
9179
9183
9189
9209
9225
9229
9231
9254
9254
9256
9272
9318
9319
9335
9345
9365
9441
9484
9485
9565
9567
9575
9582
9582
9589
9593
9602
9605
9615
9618
9621
9653
9667
9682
9688
9700
9734
9735
9751
9753
9756
9761
9784
9791
9796
9799
9814
9822
9825
9830
9840
9859
9874
9875
9875
9875
9882
9885
9900
9901
9901
9924
9925
9927
9930
9937
9955
9960
9964
9966
9985
9990
