1
1
2
4
4
4
5
5
10
10
12
13
13
15
16
18
18
18
19
20
22
22
23
25
26
27
27
29
30
30
32
33
35
36
36
37
38
39
39
40
42
44
44
45
46
46
47
48
50
53
53
54
55
56
60
62
62
63
63
65
66
67
67
67
68
69
71
71
72
72
80
81
81
85
85
86
87
87
89
90
91
92
93
95
96
97
101
103
104
104
105
106
106
106
107
109
109
109
110
110
111
111
112
113
113
114
114
115
115
117
117
118
118
120
121
121
123
124
124
125
126
126
127
127
128
130
130
132
133
135
135
135
136
137
137
137
137
140
141
141
142
145
145
146
148
148
149
150
150
153
153
153
154
155
156
157
157
159
159
159
161
162
162
164
165
165
166
169
172
172
173
173
175
177
177
178
179
180
181
182
183
183
184
185
186
186
188
190
191
192
192
193
195
195
195
197
198
198
199
199
199
202
202
203
205
206
206
207
207
207
207
208
209
209
210
210
211
212
215
218
219
220
221
221
222
223
228
229
230
230
231
231
233
235
236
237
237
238
238
239
239
239
241
241
242
245
246
246
246
246
248
252
252
254
255
256
256
257
257
257
258
258
258
259
259
259
260
262
265
266
269
270
270
271
271
272
272
272
274
276
278
281
282
286
289
290
291
291
292
292
293
293
294
294
296
296
297
298
299
299
301
301
302
302
304
305
305
305
306
306
307
307
309
309
310
310
312
312
313
313
315
315
317
317
318
318
319
321
321
325
325
325
327
329
329
331
332
332
333
333
335
336
336
336
336
337
338
339
340
341
342
343
344
345
345
346
346
346
347
350
351
352
352
353
354
356
356
357
358
358
359
359
360
360
360
360
362
362
363
364
364
366
366
367
368
369
371
372
374
374
374
376
378
378
382
382
384
384
385
385
388
389
392
392
393
394
394
396
397
397
398
400
402
402
402
403
405
408
409
411
411
412
412
412
412
414
419
420
420
420
420
424
424
425
426
426
428
428
429
430
431
431
434
434
434
436
436
436
437
437
438
438
440
440
440
441
442
442
443
443
444
444
446
446
447
447
448
448
448
450
451
451
451
451
451
452
452
455
457
458
458
458
462
462
462
462
466
467
468
468
471
474
474
475
476
479
479
479
480
481
481
482
482
483
484
485
485
485
487
487
488
489
491
492
492
494
496
496
497
499
505
508
508
509
510
510
511
511
511
512
515
517
519
521
521
521
521
524
524
525
525
526
528
528
529
530
531
531
535
535
537
537
537
538
539
540
540
541
541
542
542
543
546
546
546
549
549
552
552
553
554
556
556
556
557
558
558
559
560
561
562
564
565
565
566
567
567
569
569
571
572
572
573
573
576
576
579
579
580
584
585
588
589
590
590
590
592
593
594
595
595
596
596
597
599
599
601
602
602
603
604
608
612
613
614
614
615
615
616
616
618
619
621
622
623
623
623
624
624
624
625
625
625
626
626
627
629
630
630
631
631
632
633
633
633
633
638
638
638
639
639
641
641
641
641
643
643
644
644
645
645
646
649
650
652
653
653
656
657
658
658
659
659
659
660
660
661
661
661
662
667
667
667
667
668
671
673
674
677
678
680
683
687
689
689
692
693
693
694
694
695
695
696
697
698
699
699
700
700
701
704
704
704
706
707
708
709
709
710
711
716
716
716
718
718
718
718
718
718
721
722
723
724
725
725
727
729
731
731
735
736
741
741
741
742
744
745
746
749
753
753
753
756
757
757
758
759
759
760
760
761
762
764
764
765
765
767
768
768
768
769
771
773
774
776
778
778
779
782
782
783
784
785
786
786
787
788
790
790
791
792
792
793
793
796
796
796
797
798
801
802
805
805
806
809
811
812
815
815
816
817
817
818
818
823
824
824
824
825
825
828
828
830
830
832
833
833
835
835
836
837
841
841
843
843
844
844
844
844
845
846
847
851
851
852
854
854
856
856
859
859
863
863
863
865
865
866
866
866
869
870
870
870
871
871
872
874
875
876
876
877
878
879
879
880
880
881
882
886
886
886
887
888
888
890
890
890
892
894
894
895
895
897
897
898
898
898
899
899
900
901
901
902
902
905
905
907
907
908
909
910
914
917
920
921
921
923
924
926
926
927
927
927
927
928
928
929
929
932
934
936
937
937
938
938
940
940
943
943
944
944
945
947
948
950
951
951
952
953
953
955
955
956
959
960
960
960
961
962
962
964
964
966
966
967
968
968
970
971
973
973
974
974
974
976
977
978
978
979
984
986
986
988
988
988
989
989
991
993
993
994
994
994
996
996
998
999
999
1004
1006
1008
1011
1012
1012
1013
1014
1015
1015
1017
1017
1018
1018
1019
1019
1019
1021
1022
1022
1023
1024
1026
1026
1027
1028
1028
1030
1030
1030
1031
1032
1033
1034
1035
1035
1036
1036
1037
1037
1038
1038
1038
1039
1039
1040
1040
1041
1042
1043
1044
1044
1046
1046
1048
1048
1048
1048
1052
1053
1054
1055
1059
1059
1059
1060
1060
1060
1061
1061
1061
1062
1063
1063
1064
1064
1065
1066
1066
1067
1068
1069
1069
1070
1071
1071
1073
1074
1075
1076
1076
1079
1079
1080
1081
1083
1083
1084
1084
1084
1087
1087
1087
1090
1091
1091
1091
1092
1092
1094
1094
1097
1100
1100
1101
1102
1104
1106
1106
1107
1108
1108
1108
1109
1111
1113
1114
1114
1115
1115
1115
1116
1117
1118
1118
1120
1121
1122
1124
1126
1126
1127
1128
1131
1131
1132
1133
1135
1135
1139
1140
1141
1141
1142
1143
1144
1144
1145
1145
1146
1150
1150
1152
1152
1154
1154
1156
1156
1157
1157
1157
1161
1161
1162
1166
1168
1168
1169
1169
1170
1172
1173
1173
1174
1174
1175
1175
1176
1178
1183
1184
1187
1187
1187
1188
1190
1193
1195
1195
1196
1196
1197
1201
1205
1205
1205
1206
1207
1209
1210
1213
1215
1215
1215
1216
1218
1219
1220
1222
1222
1224
1225
1226
1226
1227
1228
1228
1231
1231
1232
1232
1233
1236
1236
1236
1236
1236
1237
1237
1238
1238
1239
1239
1240
1241
1241
1241
1244
1247
1248
1249
1250
1252
1253
1255
1255
1260
1261
1265
1267
1268
1269
1271
1274
1276
1277
1277
1278
1278
1279
1281
1282
1283
1284
1284
1288
1289
1290
1291
1291
1291
1292
1294
1294
1295
1298
1299
1299
1299
1299
1301
1302
1302
1304
1304
1308
1308
1308
1309
1312
1318
1318
1318
1319
1320
1322
1322
1322
1323
1323
1326
1326
1327
1327
1328
1328
1330
1331
1332
1334
1335
1337
1338
1339
1340
1341
1342
1343
1343
1345
1346
1346
1348
1349
1351
1351
1352
1352
1354
1356
1357
1357
1358
1359
1359
1360
1362
1362
1362
1363
1365
1365
1368
1371
1372
1373
1379
1379
1380
1380
1380
1381
1384
1384
1388
1389
1391
1391
1392
1393
1393
1394
1394
1396
1397
1398
1398
1398
1400
1401
1401
1403
1405
1406
1407
1407
1408
1408
1409
1411
1415
1416
1417
1417
1417
1417
1418
1419
1419
1420
1420
1422
1423
1423
1424
1424
1426
1427
1429
1429
1431
1432
1432
1434
1434
1435
1436
1436
1437
1437
1439
1439
1440
1442
1443
1445
1445
1446
1447
1447
1447
1449
1449
1451
1453
1453
1453
1455
1457
1457
1458
1458
1461
1462
1465
1465
1466
1467
1469
1469
1470
1472
1473
1474
1476
1476
1478
1479
1480
1482
1482
1483
1484
1485
1486
1487
1488
1488
1488
1490
1490
1490
1490
1490
1490
1491
1491
1492
1495
1495
1496
1499
1500
1500
1502
1503
1504
1506
1506
1509
1511
1513
1517
1517
1519
1520
1520
1525
1525
1526
1527
1528
1529
1530
1531
1532
1532
1532
1534
1535
1536
1537
1537
1537
1538
1539
1540
1540
1541
1542
1543
1544
1545
1547
1548
1549
1552
1553
1554
1554
1555
1555
1555
1556
1557
1558
1558
1558
1563
1563
1563
1566
1567
1567
1568
1568
1568
1568
1569
1569
1569
1570
1570
1572
1572
1573
1573
1574
1575
1576
1577
1578
1578
1578
1580
1580
1582
1582
1584
1585
1586
1590
1591
1592
1594
1594
1595
1596
1596
1597
1597
1599
1599
1599
1601
1602
1602
1606
1607
1607
1608
1608
1610
1611
1611
1611
1613
1614
1615
1616
1617
1618
1620
1621
1621
1621
1621
1621
1623
1623
1624
1624
1624
1627
1627
1628
1629
1632
1632
1632
1634
1635
1640
1640
1641
1641
1642
1642
1644
1644
1644
1646
1648
1651
1652
1653
1654
1654
1657
1658
1660
1661
1661
1661
1663
1664
1664
1665
1668
1669
1671
1671
1672
1672
1673
1673
1674
1677
1677
1678
1678
1680
1680
1681
1681
1682
1683
1684
1684
1685
1686
1687
1689
1689
1692
1692
1693
1693
1694
1695
1696
1696
1697
1698
1699
1700
1700
1700
1701
1701
1702
1704
1705
1705
1705
1705
1705
1706
1707
1708
1708
1712
1713
1715
1716
1716
1717
1719
1721
1723
1724
1725
1726
1727
1727
1728
1728
1728
1729
1729
1729
1730
1730
1730
1730
1730
1731
1732
1734
1736
1737
1737
1737
1738
1739
1740
1740
1742
1743
1743
1744
1744
1748
1748
1750
1750
1751
1751
1756
1756
1758
1758
1759
1759
1759
1761
1761
1761
1763
1764
1764
1764
1765
1765
1766
1768
1768
1770
1770
1771
1771
1771
1774
1776
1777
1778
1778
1778
1778
1779
1780
1780
1780
1781
1781
1781
1783
1784
1784
1785
1785
1786
1786
1787
1788
1790
1793
1794
1794
1795
1795
1796
1796
1798
1799
1800
1800
1805
1806
1806
1807
1807
1808
1808
1810
1811
1811
1813
1814
1815
1817
1818
1818
1819
1819
1820
1820
1821
1822
1824
1827
1827
1828
1829
1831
1832
1832
1832
1833
1833
1834
1834
1834
1834
1835
1835
1836
1837
1837
1839
1839
1843
1843
1844
1846
1849
1849
1850
1851
1851
1852
1854
1854
1856
1857
1857
1857
1857
1857
1858
1861
1862
1862
1863
1864
1865
1865
1867
1867
1869
1870
1870
1872
1873
1874
1874
1874
1875
1875
1876
1880
1882
1883
1886
1886
1886
1886
1887
1889
1891
1891
1892
1892
1893
1897
1899
1900
1901
1903
1904
1906
1907
1909
1909
1910
1910
1912
1912
1913
1914
1915
1915
1915
1917
1917
1918
1918
1919
1919
1920
1920
1922
1922
1922
1922
1924
1924
1925
1926
1927
1929
1930
1931
1932
1933
1934
1935
1936
1937
1939
1939
1939
1939
1939
1939
1941
1944
1944
1944
1946
1949
1951
1951
1953
1953
1954
1958
1960
1961
1961
1961
1962
1962
1963
1964
1967
1970
1970
1971
1972
1974
1975
1976
1976
1980
1981
1983
1983
1983
1984
1985
1986
1987
1989
1989
1992
1993
1995
1996
1996
1997
1997
1998
1998
1998
1998
2000
2002
2002
2003
2006
2007
2008
2009
2009
2010
2012
2012
2012
2013
2014
2016
2017
2017
2017
2018
2018
2019
2020
2021
2021
2022
2022
2022
2024
2024
2026
2027
2027
2027
2028
2031
2031
2033
2033
2033
2036
2036
2038
2040
2041
2041
2042
2043
2044
2045
2047
2047
2047
2047
2048
2050
2052
2052
2053
2055
2055
2056
2056
2060
2060
2062
2063
2065
2066
2067
2067
2067
2068
2069
2071
2072
2072
2075
2076
2079
2083
2083
2083
2084
2084
2085
2085
2086
2087
2087
2091
2092
2093
2094
2094
2099
2101
2101
2103
2105
2107
2107
2108
2108
2109
2109
2109
2113
2113
2114
2114
2114
2115
2118
2118
2119
2121
2122
2123
2124
2125
2126
2126
2127
2129
2129
2130
2131
2133
2133
2133
2135
2135
2136
2136
2138
2138
2139
2140
2141
2141
2142
2142
2144
2145
2146
2147
2147
2147
2148
2149
2151
2151
2152
2153
2153
2155
2155
2156
2157
2157
2158
2159
2160
2163
2163
2163
2164
2164
2165
2166
2167
2167
2167
2170
2170
2170
2172
2174
2179
2180
2180
2181
2182
2182
2184
2187
2188
2188
2190
2190
2190
2191
2191
2193
2193
2193
2193
2194
2194
2197
2197
2197
2197
2199
2199
2202
2202
2202
2204
2204
2205
2205
2207
2207
2208
2208
2209
2209
2210
2210
2211
2211
2211
2212
2213
2214
2218
2218
2224
2224
2226
2227
2227
2229
2229
2230
2230
2234
2234
2235
2235
2236
2237
2238
2238
2239
2239
2240
2240
2244
2244
2245
2246
2246
2246
2248
2249
2249
2249
2249
2250
2251
2253
2254
2254
2255
2257
2258
2261
2262
2262
2263
2268
2268
2268
2269
2270
2271
2272
2272
2272
2272
2274
2274
2277
2277
2279
2279
2279
2279
2279
2280
2281
2283
2284
2284
2285
2285
2287
2288
2288
2289
2290
2292
2292
2292
2298
2300
2300
2300
2302
2303
2303
2305
2305
2306
2306
2307
2309
2311
2311
2311
2313
2314
2316
2317
2317
2318
2319
2320
2321
2321
2323
2323
2323
2323
2324
2327
2327
2327
2328
2328
2328
2330
2333
2334
2335
2336
2337
2338
2339
2339
2340
2340
2341
2342
2342
2342
2345
2348
2352
2353
2356
2359
2361
2362
2363
2365
2365
2367
2367
2368
2369
2369
2370
2370
2371
2371
2372
2375
2376
2377
2378
2378
2381
2382
2382
2383
2383
2385
2388
2390
2390
2391
2391
2396
2396
2397
2397
2399
2400
2401
2406
2408
2409
2410
2411
2412
2412
2413
2413
2414
2415
2415
2415
2417
2420
2420
2421
2424
2424
2424
2426
2428
2429
2430
2431
2431
2432
2433
2435
2435
2440
2441
2441
2442
2442
2443
2443
2444
2446
2446
2447
2447
2448
2449
2449
2450
2450
2451
2452
2452
2454
2455
2456
2456
2456
2460
2461
2461
2462
2463
2464
2465
2467
2469
2471
2472
2473
2474
2474
2475
2475
2476
2476
2477
2481
2482
2482
2483
2484
2484
2487
2487
2488
2488
2488
2491
2491
2491
2492
2493
2493
2493
2496
2497
2497
2498
2498
2498
2499
2500
2500
2502
2505
2505
2506
2508
2508
2509
2509
2510
2515
2515
2515
2516
2517
2518
2519
2519
2520
2522
2522
2522
2522
2523
2524
2524
2525
2529
2529
2530
2531
2532
2532
2533
2535
2535
2537
2539
2544
2548
2549
2551
2551
2553
2555
2557
2558
2558
2559
2559
2560
2563
2563
2564
2564
2566
2569
2569
2569
2569
2570
2570
2570
2570
2571
2572
2572
2573
2575
2576
2576
2576
2577
2579
2580
2581
2581
2581
2582
2585
2586
2588
2590
2590
2591
2591
2594
2594
2595
2596
2596
2599
2600
2600
2602
2602
2602
2603
2604
2605
2606
2606
2607
2611
2611
2611
2612
2612
2612
2612
2613
2614
2617
2618
2618
2618
2619
2622
2624
2624
2625
2625
2626
2627
2628
2628
2629
2631
2632
2632
2635
2636
2636
2638
2638
2639
2640
2641
2642
2643
2643
2646
2646
2648
2649
2650
2650
2653
2654
2656
2658
2658
2659
2659
2659
2660
2660
2661
2661
2662
2663
2664
2664
2669
2669
2672
2673
2676
2677
2677
2678
2678
2679
2682
2682
2683
2683
2683
2684
2685
2686
2688
2688
2688
2690
2690
2690
2692
2695
2696
2697
2700
2700
2701
2702
2703
2705
2706
2706
2706
2707
2707
2707
2707
2708
2708
2708
2709
2711
2711
2712
2712
2714
2719
2720
2721
2722
2722
2723
2725
2729
2729
2732
2733
2734
2736
2736
2737
2738
2738
2738
2739
2740
2741
2748
2752
2752
2753
2756
2757
2757
2759
2760
2760
2761
2761
2763
2765
2766
2766
2767
2768
2770
2771
2771
2771
2772
2772
2773
2774
2774
2775
2776
2776
2776
2778
2779
2779
2780
2780
2783
2784
2784
2785
2785
2785
2787
2788
2788
2788
2790
2791
2792
2793
2795
2795
2796
2796
2796
2798
2799
2801
2801
2803
2803
2805
2806
2809
2810
2811
2811
2812
2813
2813
2813
2814
2816
2816
2816
2816
2818
2819
2820
2820
2820
2822
2823
2823
2824
2826
2828
2828
2831
2831
2831
2833
2833
2835
2836
2836
2837
2838
2840
2842
2845
2845
2848
2850
2851
2854
2856
2856
2857
2857
2858
2858
2859
2861
2861
2862
2863
2864
2864
2866
2866
2866
2867
2867
2868
2871
2873
2873
2873
2876
2877
2877
2878
2878
2880
2882
2883
2884
2884
2885
2887
2889
2890
2890
2891
2892
2893
2894
2894
2895
2899
2899
2899
2900
2900
2900
2901
2902
2903
2904
2906
2906
2906
2908
2909
2910
2911
2912
2912
2913
2913
2914
2915
2915
2919
2920
2920
2921
2922
2923
2925
2927
2927
2929
2930
2930
2930
2933
2935
2935
2936
2936
2937
2939
2939
2939
2941
2942
2945
2946
2946
2946
2946
2947
2951
2952
2953
2954
2954
2955
2957
2958
2959
2959
2960
2961
2961
2962
2963
2963
2964
2965
2965
2965
2965
2967
2968
2969
2970
2973
2976
2979
2979
2980
2981
2981
2981
2982
2982
2982
2983
2984
2988
2988
2988
2988
2988
2990
2991
2992
2993
2995
2995
3002
3004
3006
3006
3007
3009
3010
3011
3011
3011
3012
3012
3013
3014
3014
3015
3015
3016
3016
3017
3020
3021
3021
3022
3023
3023
3024
3025
3025
3026
3028
3028
3028
3030
3032
3034
3034
3036
3039
3039
3041
3042
3043
3043
3046
3046
3046
3048
3049
3053
3053
3055
3055
3055
3055
3056
3056
3057
3058
3059
3059
3060
3060
3061
3064
3064
3064
3064
3065
3068
3069
3070
3072
3074
3076
3077
3078
3078
3082
3082
3083
3083
3084
3085
3086
3087
3087
3089
3089
3090
3091
3092
3095
3096
3098
3099
3100
3102
3102
3103
3104
3104
3107
3107
3109
3112
3112
3115
3115
3116
3116
3117
3118
3120
3120
3125
3126
3127
3127
3128
3128
3129
3129
3130
3130
3133
3133
3136
3136
3137
3137
3138
3139
3140
3141
3143
3144
3145
3145
3145
3145
3146
3146
3146
3149
3149
3150
3152
3152
3153
3153
3153
3156
3159
3160
3161
3163
3164
3164
3164
3165
3165
3166
3167
3168
3168
3169
3170
3170
3173
3174
3174
3175
3177
3177
3178
3179
3182
3182
3185
3188
3188
3190
3192
3193
3197
3197
3198
3199
3200
3201
3202
3205
3205
3205
3206
3206
3206
3207
3209
3210
3210
3212
3213
3214
3214
3219
3222
3222
3224
3225
3225
3227
3228
3228
3229
3231
3234
3235
3235
3235
3236
3236
3238
3238
3238
3240
3244
3244
3247
3247
3249
3252
3252
3252
3252
3256
3256
3258
3258
3259
3259
3260
3260
3261
3261
3263
3264
3265
3266
3267
3267
3268
3268
3269
3270
3272
3272
3273
3273
3275
3275
3275
3276
3276
3276
3277
3279
3280
3281
3283
3284
3285
3286
3286
3287
3290
3294
3296
3296
3297
3297
3298
3299
3299
3300
3301
3301
3302
3302
3302
3303
3303
3308
3308
3308
3310
3311
3312
3313
3315
3316
3317
3319
3320
3320
3320
3321
3322
3324
3326
3327
3328
3329
3334
3335
3335
3336
3336
3338
3339
3339
3340
3342
3342
3343
3344
3346
3346
3346
3348
3349
3353
3353
3353
3354
3355
3355
3356
3356
3357
3357
3357
3357
3358
3359
3360
3361
3361
3362
3362
3363
3363
3363
3364
3364
3365
3367
3368
3368
3369
3370
3372
3373
3373
3374
3374
3375
3375
3377
3377
3378
3378
3378
3379
3379
3379
3380
3380
3381
3383
3383
3385
3386
3387
3388
3388
3389
3389
3390
3391
3392
3393
3393
3393
3395
3398
3400
3400
3402
3405
3405
3406
3406
3408
3408
3409
3410
3412
3413
3415
3416
3416
3417
3418
3419
3420
3422
3424
3425
3427
3427
3428
3428
3429
3429
3429
3430
3431
3435
3435
3436
3436
3437
3444
3444
3445
3446
3447
3447
3448
3448
3449
3449
3449
3450
3450
3456
3456
3457
3457
3458
3460
3460
3460
3463
3465
3465
3466
3467
3470
3470
3472
3472
3472
3472
3474
3474
3474
3475
3475
3476
3480
3481
3481
3482
3484
3487
3487
3487
3488
3488
3490
3490
3491
3492
3493
3494
3494
3494
3495
3495
3497
3497
3498
3498
3500
3500
3500
3502
3503
3503
3503
3504
3505
3505
3507
3507
3507
3508
3509
3510
3513
3514
3514
3514
3517
3518
3525
3525
3526
3528
3530
3531
3534
3534
3539
3542
3544
3544
3549
3551
3555
3555
3557
3560
3561
3561
3562
3562
3562
3563
3563
3563
3564
3564
3564
3565
3568
3569
3571
3571
3571
3571
3572
3572
3572
3572
3573
3574
3574
3574
3575
3575
3575
3576
3581
3581
3581
3582
3583
3586
3587
3587
3587
3588
3590
3590
3591
3592
3592
3593
3593
3593
3594
3595
3596
3600
3600
3600
3601
3601
3601
3603
3603
3604
3605
3605
3606
3606
3607
3608
3608
3608
3609
3610
3611
3611
3611
3613
3614
3615
3616
3616
3619
3621
3622
3623
3623
3625
3629
3630
3630
3631
3631
3632
3632
3632
3635
3636
3636
3636
3640
3641
3641
3643
3648
3649
3649
3649
3650
3650
3650
3652
3652
3652
3654
3654
3655
3655
3655
3657
3659
3660
3663
3663
3664
3665
3665
3666
3666
3667
3668
3669
3670
3671
3671
3671
3671
3671
3674
3674
3675
3676
3676
3677
3678
3678
3678
3679
3679
3680
3682
3682
3683
3685
3685
3685
3685
3695
3695
3695
3697
3697
3698
3698
3699
3700
3701
3702
3703
3703
3703
3704
3705
3706
3706
3707
3707
3707
3709
3710
3711
3714
3715
3716
3716
3718
3719
3719
3720
3722
3725
3725
3726
3728
3729
3731
3732
3733
3736
3736
3738
3740
3741
3741
3742
3744
3745
3745
3747
3748
3748
3749
3749
3749
3750
3751
3753
3753
3753
3754
3754
3755
3757
3757
3758
3759
3760
3760
3760
3762
3763
3765
3766
3767
3767
3769
3771
3772
3772
3773
3774
3775
3775
3776
3777
3779
3779
3780
3782
3783
3783
3783
3784
3786
3786
3787
3789
3789
3790
3793
3795
3798
3801
3803
3803
3804
3807
3807
3807
3808
3809
3810
3813
3813
3814
3817
3817
3817
3818
3818
3819
3819
3819
3820
3823
3823
3823
3823
3823
3827
3828
3829
3829
3831
3834
3834
3835
3835
3836
3837
3837
3837
3838
3838
3839
3844
3847
3847
3847
3848
3849
3849
3849
3850
3850
3852
3853
3853
3854
3854
3854
3854
3856
3857
3859
3860
3860
3860
3863
3864
3865
3867
3868
3868
3868
3868
3869
3869
3870
3870
3871
3872
3872
3872
3873
3876
3877
3877
3877
3878
3880
3880
3882
3884
3886
3887
3890
3890
3891
3891
3892
3892
3893
3896
3896
3897
3899
3899
3899
3899
3902
3902
3902
3904
3904
3905
3906
3906
3906
3907
3909
3911
3911
3911
3913
3914
3914
3914
3914
3915
3916
3919
3919
3921
3921
3922
3922
3923
3923
3925
3926
3928
3928
3930
3931
3932
3932
3932
3934
3937
3939
3942
3943
3943
3945
3945
3946
3950
3952
3954
3955
3957
3957
3959
3959
3960
3961
3962
3963
3963
3964
3966
3968
3969
3969
3970
3971
3972
3973
3973
3976
3977
3978
3978
3979
3982
3984
3986
3987
3989
3989
3989
3995
3996
3996
3997
3998
3999
4001
4001
4002
4003
4004
4005
4005
4005
4009
4009
4010
4010
4012
4013
4013
4013
4015
4016
4016
4016
4017
4018
4018
4019
4021
4022
4024
4024
4025
4025
4025
4026
4026
4027
4029
4031
4031
4032
4032
4033
4035
4036
4037
4037
4038
4038
4039
4040
4040
4041
4042
4043
4044
4045
4045
4046
4048
4048
4048
4049
4050
4051
4053
4054
4055
4055
4056
4057
4057
4057
4057
4058
4058
4059
4060
4060
4062
4064
4064
4065
4066
4067
4067
4068
4069
4071
4072
4072
4072
4074
4074
4075
4076
4077
4080
4080
4081
4082
4082
4082
4083
4084
4086
4086
4087
4089
4090
4091
4091
4092
4093
4096
4097
4098
4098
4099
4100
4100
4101
4102
4106
4106
4107
4110
4112
4116
4116
4116
4117
4118
4119
4120
4120
4123
4123
4126
4127
4128
4129
4131
4133
4133
4134
4135
4136
4136
4137
4138
4140
4140
4141
4142
4142
4143
4143
4144
4145
4146
4146
4146
4148
4152
4153
4153
4156
4157
4158
4162
4164
4166
4166
4167
4168
4169
4170
4171
4172
4172
4173
4173
4173
4174
4174
4175
4177
4178
4181
4184
4184
4187
4187
4188
4189
4190
4192
4193
4194
4194
4197
4197
4198
4200
4201
4201
4202
4202
4204
4205
4207
4207
4209
4209
4211
4212
4213
4213
4213
4214
4216
4216
4217
4220
4222
4223
4225
4226
4226
4227
4227
4227
4228
4228
4230
4230
4232
4236
4237
4239
4239
4240
4240
4241
4242
4243
4243
4245
4246
4246
4246
4247
4248
4248
4248
4248
4249
4252
4253
4254
4254
4255
4256
4258
4258
4261
4262
4263
4264
4265
4265
4265
4266
4269
4270
4271
4272
4272
4274
4274
4275
4276
4279
4280
4280
4281
4282
4282
4285
4285
4288
4290
4291
4291
4293
4295
4296
4296
4297
4298
4299
4299
4300
4300
4301
4301
4302
4303
4303
4305
4305
4306
4307
4307
4308
4309
4311
4312
4312
4312
4313
4315
4316
4316
4319
4320
4320
4321
4321
4321
4323
4324
4327
4327
4328
4328
4328
4330
4330
4333
4334
4334
4335
4335
4335
4336
4337
4339
4341
4342
4343
4343
4344
4344
4346
4346
4346
4348
4348
4349
4349
4350
4350
4350
4351
4355
4356
4357
4358
4358
4359
4359
4359
4361
4362
4364
4365
4368
4370
4372
4372
4372
4372
4374
4375
4376
4376
4376
4376
4377
4377
4378
4379
4382
4383
4383
4385
4385
4386
4386
4387
4388
4389
4391
4391
4391
4394
4396
4396
4397
4398
4400
4400
4400
4402
4404
4406
4407
4408
4412
4413
4413
4415
4415
4415
4416
4417
4417
4418
4419
4420
4420
4422
4423
4424
4425
4425
4425
4426
4427
4428
4428
4428
4430
4431
4431
4434
4434
4436
4437
4438
4439
4440
4440
4442
4442
4442
4444
4444
4444
4444
4444
4445
4445
4447
4449
4451
4453
4453
4454
4456
4456
4457
4458
4459
4459
4460
4461
4463
4463
4463
4463
4463
4464
4464
4472
4473
4473
4473
4473
4477
4478
4478
4478
4481
4481
4484
4484
4485
4486
4486
4487
4491
4492
4493
4494
4495
4496
4497
4498
4498
4498
4498
4505
4510
4510
4511
4511
4512
4513
4513
4513
4513
4515
4516
4518
4522
4523
4523
4524
4524
4526
4526
4527
4529
4529
4530
4530
4532
4533
4535
4535
4536
4536
4536
4537
4538
4538
4540
4540
4541
4543
4547
4547
4547
4547
4549
4550
4551
4552
4552
4554
4556
4557
4559
4559
4560
4561
4561
4561
4562
4562
4562
4563
4563
4567
4567
4567
4569
4572
4574
4575
4575
4575
4576
4576
4577
4580
4582
4583
4584
4584
4584
4586
4589
4589
4590
4592
4592
4593
4593
4595
4595
4595
4596
4597
4598
4598
4598
4598
4599
4600
4601
4601
4603
4604
4604
4605
4608
4610
4611
4611
4612
4613
4614
4614
4616
4617
4617
4618
4619
4619
4621
4625
4625
4626
4626
4628
4629
4630
4631
4633
4634
4635
4637
4637
4637
4638
4641
4642
4643
4643
4644
4645
4646
4646
4646
4647
4647
4647
4649
4649
4649
4650
4651
4653
4654
4655
4656
4656
4656
4658
4658
4659
4660
4661
4663
4663
4663
4663
4664
4664
4665
4668
4670
4672
4673
4674
4674
4676
4676
4676
4677
4678
4679
4680
4683
4683
4683
4687
4688
4688
4689
4690
4691
4693
4693
4694
4698
4699
4699
4700
4702
4702
4703
4704
4704
4704
4705
4706
4706
4708
4708
4709
4709
4709
4710
4711
4712
4713
4714
4715
4715
4718
4718
4719
4719
4719
4720
4720
4720
4721
4722
4723
4727
4728
4729
4729
4730
4730
4731
4731
4732
4734
4735
4736
4737
4738
4740
4740
4741
4741
4742
4742
4742
4743
4743
4744
4744
4744
4744
4745
4745
4747
4747
4747
4750
4751
4753
4754
4755
4756
4757
4757
4758
4759
4760
4760
4761
4763
4765
4767
4767
4768
4769
4769
4769
4770
4773
4773
4775
4776
4776
4776
4777
4777
4780
4781
4781
4782
4782
4782
4783
4785
4786
4789
4790
4792
4794
4795
4795
4796
4796
4797
4799
4799
4799
4802
4803
4803
4803
4804
4805
4807
4807
4808
4809
4810
4810
4811
4812
4812
4812
4814
4815
4815
4816
4817
4818
4820
4820
4820
4821
4823
4824
4825
4826
4827
4829
4829
4830
4832
4837
4838
4838
4839
4839
4840
4842
4842
4843
4843
4843
4844
4846
4847
4848
4849
4849
4851
4851
4852
4853
4854
4855
4855
4856
4857
4857
4858
4858
4859
4860
4860
4861
4861
4866
4867
4868
4869
4871
4873
4873
4877
4877
4878
4879
4880
4881
4882
4882
4883
4883
4883
4885
4885
4886
4886
4886
4887
4888
4888
4888
4890
4893
4893
4893
4894
4897
4897
4897
4898
4902
4903
4904
4904
4904
4905
4908
4908
4909
4909
4911
4911
4911
4911
4915
4915
4918
4918
4918
4919
4920
4921
4923
4924
4927
4929
4933
4936
4937
4938
4938
4938
4938
4941
4942
4942
4943
4943
4944
4945
4945
4948
4948
4949
4951
4952
4953
4954
4955
4956
4958
4959
4960
4960
4961
4961
4962
4963
4963
4965
4966
4966
4968
4970
4972
4972
4973
4974
4974
4974
4974
4975
4975
4976
4977
4978
4978
4978
4978
4979
4980
4982
4985
4985
4986
4990
4991
4993
4993
4993
4994
4994
4995
4997
4997
4997
4998
4999
5000
5002
5002
5005
5006
5007
5007
5008
5008
5011
5011
5012
5012
5012
5016
5016
5017
5017
5017
5018
5018
5018
5019
5020
5020
5020
5020
5022
5022
5024
5027
5027
5027
5028
5029
5029
5029
5030
5031
5031
5032
5034
5036
5037
5039
5039
5040
5041
5043
5046
5047
5047
5047
5048
5049
5050
5050
5050
5051
5051
5053
5055
5055
5056
5056
5057
5058
5058
5059
5060
5067
5068
5068
5069
5070
5071
5071
5073
5073
5073
5074
5075
5076
5076
5077
5078
5078
5078
5079
5079
5082
5085
5087
5087
5088
5088
5090
5090
5091
5091
5091
5092
5096
5097
5099
5100
5100
5101
5101
5101
5102
5102
5103
5103
5104
5106
5107
5108
5109
5109
5110
5110
5111
5112
5114
5116
5116
5116
5116
5117
5119
5121
5122
5122
5122
5122
5123
5124
5124
5125
5125
5125
5125
5126
5127
5127
5128
5129
5129
5131
5132
5133
5133
5135
5136
5136
5137
5138
5138
5139
5140
5146
5147
5147
5147
5148
5148
5151
5151
5152
5154
5156
5157
5158
5160
5160
5160
5161
5161
5161
5161
5162
5162
5162
5163
5163
5164
5164
5167
5167
5167
5171
5171
5173
5173
5173
5173
5175
5177
5179
5181
5181
5183
5183
5184
5184
5185
5188
5189
5191
5191
5191
5192
5194
5195
5198
5198
5199
5200
5200
5201
5201
5204
5205
5206
5207
5207
5208
5208
5210
5211
5211
5211
5213
5213
5214
5215
5216
5217
5218
5219
5220
5221
5222
5223
5223
5224
5226
5226
5229
5231
5232
5232
5233
5234
5235
5236
5237
5237
5238
5240
5241
5241
5243
5244
5244
5246
5248
5249
5249
5249
5249
5250
5252
5254
5255
5257
5257
5258
5260
5261
5262
5264
5266
5268
5268
5269
5271
5271
5271
5272
5272
5273
5275
5276
5277
5278
5278
5278
5279
5280
5280
5283
5283
5284
5287
5288
5288
5289
5289
5290
5290
5292
5293
5294
5295
5296
5297
5298
5299
5299
5299
5300
5301
5302
5302
5302
5304
5304
5311
5312
5312
5312
5314
5314
5315
5315
5317
5318
5319
5319
5319
5321
5322
5322
5326
5326
5328
5331
5332
5334
5334
5335
5335
5338
5338
5338
5338
5340
5345
5345
5347
5347
5348
5349
5349
5350
5357
5360
5361
5361
5361
5362
5364
5369
5369
5370
5370
5371
5372
5374
5376
5376
5376
5376
5376
5379
5381
5382
5384
5386
5386
5387
5387
5388
5391
5391
5392
5393
5393
5393
5393
5394
5394
5396
5396
5397
5397
5399
5400
5401
5401
5402
5403
5405
5406
5406
5408
5408
5408
5410
5411
5411
5412
5414
5414
5416
5419
5419
5420
5421
5422
5422
5422
5423
5425
5425
5426
5427
5427
5429
5430
5430
5431
5432
5432
5432
5433
5433
5434
5434
5435
5435
5436
5437
5437
5438
5439
5439
5441
5441
5444
5445
5446
5446
5447
5448
5452
5454
5454
5456
5456
5457
5458
5459
5460
5461
5462
5464
5464
5465
5466
5468
5469
5471
5474
5475
5475
5475
5475
5475
5477
5477
5477
5477
5479
5481
5482
5482
5482
5484
5484
5484
5485
5485
5486
5486
5487
5493
5494
5495
5495
5495
5497
5499
5499
5501
5501
5501
5501
5501
5501
5502
5502
5504
5505
5505
5506
5507
5508
5511
5512
5512
5513
5514
5514
5515
5517
5518
5519
5521
5522
5522
5523
5523
5525
5526
5526
5527
5528
5528
5529
5529
5532
5534
5534
5534
5536
5539
5540
5543
5543
5546
5547
5548
5549
5549
5551
5554
5554
5556
5557
5557
5562
5563
5563
5563
5565
5566
5568
5568
5570
5572
5576
5577
5577
5578
5579
5579
5580
5582
5582
5582
5583
5584
5584
5585
5586
5587
5588
5589
5591
5592
5593
5593
5594
5595
5595
5595
5595
5596
5597
5597
5598
5602
5602
5604
5604
5606
5606
5607
5608
5609
5609
5610
5612
5612
5613
5613
5614
5614
5614
5615
5615
5615
5616
5616
5616
5619
5620
5623
5624
5626
5626
5627
5632
5633
5633
5637
5637
5638
5639
5639
5642
5648
5649
5651
5651
5652
5653
5653
5654
5656
5656
5657
5660
5661
5662
5662
5663
5664
5665
5665
5665
5666
5667
5667
5669
5669
5670
5671
5671
5671
5671
5674
5675
5676
5676
5677
5677
5678
5679
5680
5680
5682
5683
5683
5683
5684
5684
5684
5684
5685
5687
5690
5691
5693
5694
5694
5696
5696
5697
5699
5699
5701
5703
5703
5705
5707
5707
5708
5708
5711
5712
5713
5713
5713
5714
5715
5715
5716
5717
5722
5722
5723
5723
5724
5725
5725
5725
5727
5730
5732
5732
5733
5734
5735
5739
5739
5740
5741
5742
5743
5744
5745
5747
5750
5750
5750
5752
5752
5752
5754
5755
5755
5756
5758
5759
5760
5760
5762
5762
5763
5765
5765
5766
5768
5769
5770
5770
5772
5773
5774
5776
5776
5777
5779
5779
5780
5781
5781
5782
5783
5784
5787
5787
5788
5789
5789
5790
5790
5790
5791
5791
5791
5791
5792
5792
5792
5793
5794
5794
5795
5795
5796
5797
5798
5799
5800
5800
5801
5803
5804
5804
5804
5806
5806
5806
5808
5810
5811
5812
5813
5814
5820
5825
5825
5826
5829
5830
5834
5836
5837
5837
5838
5839
5840
5841
5842
5844
5845
5846
5846
5846
5847
5847
5848
5849
5851
5853
5855
5855
5856
5856
5859
5860
5860
5861
5861
5865
5865
5866
5866
5866
5867
5867
5867
5867
5868
5870
5870
5871
5871
5871
5873
5875
5877
5880
5880
5881
5881
5882
5882
5882
5882
5883
5884
5886
5889
5889
5890
5891
5893
5893
5895
5895
5895
5896
5896
5896
5896
5896
5896
5898
5898
5899
5899
5900
5901
5902
5903
5905
5907
5909
5910
5913
5915
5916
5917
5919
5919
5920
5920
5921
5921
5922
5923
5924
5925
5925
5929
5931
5931
5934
5934
5935
5936
5939
5939
5939
5939
5941
5943
5943
5944
5944
5945
5946
5946
5947
5948
5948
5949
5950
5950
5951
5954
5957
5957
5958
5958
5959
5959
5960
5960
5963
5964
5965
5968
5968
5970
5971
5971
5974
5974
5980
5983
5986
5986
5987
5988
5988
5990
5990
5990
5991
5992
5992
5992
5994
5998
5999
6001
6003
6004
6006
6006
6007
6008
6009
6009
6009
6009
6010
6010
6021
6022
6024
6025
6026
6026
6026
6027
6027
6028
6028
6029
6029
6029
6032
6033
6035
6035
6036
6040
6040
6041
6041
6042
6042
6043
6044
6044
6044
6046
6050
6053
6054
6055
6056
6058
6058
6059
6059
6062
6064
6065
6066
6066
6067
6069
6070
6070
6071
6073
6075
6077
6078
6079
6081
6081
6082
6082
6083
6083
6085
6085
6086
6087
6087
6087
6088
6089
6092
6092
6093
6093
6093
6094
6094
6095
6095
6098
6101
6101
6103
6103
6104
6107
6109
6113
6113
6113
6114
6117
6117
6118
6118
6118
6118
6120
6121
6121
6123
6125
6127
6127
6127
6129
6130
6130
6131
6131
6134
6135
6136
6137
6139
6140
6141
6142
6142
6142
6143
6144
6146
6148
6149
6150
6152
6154
6154
6155
6156
6156
6157
6158
6161
6161
6161
6162
6163
6163
6165
6166
6166
6167
6167
6169
6169
6169
6172
6172
6175
6177
6178
6180
6180
6183
6183
6184
6186
6187
6188
6188
6189
6189
6190
6192
6194
6194
6194
6195
6197
6199
6199
6200
6201
6202
6205
6205
6206
6207
6208
6208
6209
6210
6210
6210
6211
6212
6214
6215
6215
6220
6221
6223
6224
6224
6225
6226
6226
6227
6227
6229
6232
6232
6232
6233
6233
6234
6235
6236
6239
6239
6240
6241
6242
6242
6244
6245
6245
6246
6246
6248
6249
6250
6250
6251
6253
6254
6256
6258
6259
6259
6262
6262
6264
6264
6265
6265
6266
6267
6268
6270
6271
6271
6272
6275
6275
6276
6276
6276
6278
6280
6281
6282
6282
6283
6284
6284
6285
6287
6287
6289
6289
6290
6292
6292
6294
6294
6294
6295
6295
6296
6296
6296
6299
6299
6300
6301
6301
6303
6305
6307
6308
6308
6310
6311
6311
6312
6312
6313
6313
6314
6314
6315
6315
6315
6315
6317
6318
6319
6319
6320
6320
6326
6327
6327
6327
6327
6327
6328
6329
6330
6335
6337
6338
6338
6339
6339
6339
6340
6340
6341
6341
6344
6344
6348
6348
6351
6352
6353
6354
6354
6355
6356
6356
6356
6357
6358
6358
6358
6358
6359
6360
6361
6361
6362
6365
6366
6366
6367
6369
6370
6370
6371
6372
6375
6379
6380
6382
6382
6382
6383
6384
6385
6385
6386
6388
6389
6389
6389
6390
6390
6391
6392
6393
6393
6397
6397
6398
6400
6402
6402
6405
6409
6412
6414
6414
6416
6418
6418
6419
6421
6421
6422
6423
6424
6424
6425
6425
6428
6429
6433
6433
6434
6437
6438
6438
6439
6439
6440
6440
6441
6443
6443
6444
6444
6446
6447
6448
6449
6449
6449
6450
6451
6451
6454
6454
6454
6454
6455
6456
6456
6456
6457
6458
6459
6459
6460
6461
6462
6462
6462
6464
6467
6468
6471
6471
6472
6472
6472
6472
6472
6473
6473
6474
6474
6474
6474
6476
6477
6478
6478
6479
6479
6480
6480
6482
6482
6484
6487
6490
6492
6496
6497
6498
6499
6500
6501
6502
6503
6504
6506
6507
6509
6510
6511
6511
6512
6513
6514
6515
6516
6516
6517
6519
6519
6521
6521
6522
6524
6525
6525
6526
6526
6527
6527
6527
6528
6529
6532
6532
6533
6533
6535
6536
6537
6538
6538
6541
6541
6541
6541
6543
6543
6551
6552
6554
6557
6560
6562
6562
6563
6566
6566
6567
6567
6568
6568
6568
6568
6569
6570
6572
6573
6573
6575
6575
6577
6577
6579
6579
6580
6582
6582
6585
6586
6587
6588
6588
6590
6591
6591
6593
6594
6596
6596
6596
6597
6598
6598
6598
6599
6604
6605
6606
6607
6608
6609
6611
6612
6613
6614
6616
6616
6616
6621
6622
6623
6624
6625
6628
6628
6629
6629
6630
6630
6630
6630
6630
6630
6632
6632
6632
6634
6635
6635
6636
6638
6638
6639
6640
6641
6641
6643
6644
6645
6645
6645
6646
6646
6646
6648
6649
6652
6652
6653
6654
6654
6655
6658
6661
6662
6663
6663
6664
6666
6668
6670
6670
6670
6671
6671
6672
6673
6674
6675
6677
6678
6679
6679
6679
6681
6682
6683
6684
6686
6686
6686
6687
6688
6689
6689
6690
6694
6694
6694
6695
6696
6698
6698
6699
6701
6702
6704
6705
6706
6706
6707
6707
6708
6708
6708
6710
6712
6712
6715
6715
6716
6717
6718
6722
6722
6723
6724
6725
6729
6729
6729
6730
6731
6731
6733
6734
6734
6735
6735
6737
6739
6740
6740
6741
6741
6742
6742
6742
6742
6743
6744
6744
6745
6745
6745
6746
6751
6755
6756
6757
6757
6757
6758
6758
6758
6759
6759
6760
6760
6761
6761
6761
6761
6762
6763
6763
6766
6766
6767
6770
6772
6773
6773
6773
6774
6775
6777
6777
6777
6778
6778
6780
6782
6782
6782
6782
6782
6783
6784
6785
6788
6789
6789
6789
6791
6791
6791
6792
6794
6794
6794
6794
6794
6795
6796
6796
6796
6797
6797
6799
6802
6802
6803
6803
6808
6811
6812
6813
6814
6814
6815
6816
6817
6818
6820
6820
6822
6825
6826
6826
6827
6829
6829
6830
6830
6830
6830
6830
6833
6834
6834
6834
6835
6837
6839
6843
6844
6846
6846
6847
6847
6848
6849
6849
6850
6850
6851
6852
6852
6852
6852
6853
6854
6855
6857
6857
6858
6858
6860
6862
6863
6865
6865
6867
6869
6870
6870
6871
6875
6877
6877
6878
6878
6878
6880
6880
6880
6883
6886
6886
6886
6886
6890
6891
6891
6892
6892
6893
6893
6894
6894
6895
6895
6895
6896
6896
6896
6896
6898
6898
6899
6900
6900
6902
6902
6903
6910
6910
6913
6914
6915
6919
6920
6923
6923
6923
6924
6924
6925
6926
6927
6927
6928
6929
6929
6930
6931
6933
6934
6935
6936
6936
6936
6937
6937
6937
6939
6940
6941
6945
6945
6946
6946
6947
6947
6947
6948
6948
6948
6949
6949
6949
6950
6950
6951
6952
6953
6953
6954
6956
6960
6962
6962
6963
6963
6968
6968
6969
6970
6970
6972
6972
6973
6976
6977
6977
6978
6978
6979
6980
6983
6983
6985
6987
6987
6990
6991
6991
6992
6992
6992
6992
6993
6994
6995
6996
6996
6999
7002
7004
7005
7005
7006
7006
7007
7009
7009
7011
7012
7012
7012
7013
7015
7016
7017
7017
7018
7020
7020
7022
7022
7025
7027
7034
7035
7035
7035
7038
7038
7039
7042
7043
7044
7044
7044
7046
7046
7047
7047
7048
7049
7049
7050
7051
7052
7052
7053
7053
7053
7054
7054
7057
7059
7059
7061
7061
7062
7063
7064
7064
7064
7065
7066
7067
7068
7068
7069
7071
7072
7072
7072
7073
7074
7074
7074
7075
7076
7077
7078
7079
7079
7080
7080
7080
7080
7081
7082
7082
7082
7084
7085
7086
7087
7087
7088
7089
7089
7090
7091
7092
7092
7092
7093
7095
7095
7095
7097
7102
7103
7103
7103
7104
7104
7108
7109
7112
7113
7115
7119
7119
7122
7123
7124
7126
7126
7126
7127
7127
7129
7131
7131
7131
7133
7134
7134
7136
7138
7138
7139
7139
7139
7140
7144
7145
7145
7146
7146
7147
7149
7149
7150
7150
7151
7153
7153
7154
7156
7157
7157
7158
7158
7159
7160
7160
7161
7164
7164
7165
7166
7167
7168
7169
7169
7171
7171
7172
7172
7174
7176
7176
7176
7179
7180
7180
7181
7183
7184
7186
7189
7189
7193
7193
7193
7194
7194
7195
7195
7199
7199
7199
7201
7207
7209
7209
7210
7210
7210
7211
7211
7212
7212
7213
7216
7218
7219
7223
7224
7227
7228
7231
7231
7232
7233
7233
7233
7234
7235
7238
7238
7240
7241
7241
7242
7242
7242
7243
7246
7248
7248
7248
7248
7250
7250
7250
7251
7254
7255
7255
7256
7257
7259
7259
7259
7259
7259
7259
7263
7264
7264
7264
7266
7267
7267
7267
7271
7272
7280
7282
7282
7286
7286
7290
7291
7292
7294
7294
7297
7299
7300
7301
7306
7307
7309
7310
7312
7312
7314
7315
7316
7317
7318
7320
7321
7322
7323
7323
7323
7324
7324
7325
7326
7327
7327
7327
7329
7330
7332
7334
7336
7336
7337
7340
7341
7341
7341
7344
7344
7345
7346
7347
7347
7352
7354
7354
7355
7355
7355
7356
7356
7358
7358
7358
7358
7359
7362
7364
7364
7365
7366
7368
7369
7370
7373
7373
7374
7374
7375
7376
7376
7376
7377
7379
7380
7380
7381
7384
7384
7386
7387
7389
7390
7390
7391
7393
7395
7396
7398
7398
7398
7399
7400
7402
7402
7402
7403
7405
7408
7409
7409
7411
7411
7412
7412
7412
7412
7414
7415
7416
7416
7416
7417
7417
7418
7419
7420
7421
7422
7424
7425
7425
7426
7426
7426
7426
7426
7427
7427
7428
7431
7432
7433
7434
7435
7435
7436
7436
7436
7438
7440
7441
7442
7442
7443
7443
7444
7444
7445
7446
7447
7447
7449
7450
7452
7453
7456
7457
7458
7459
7460
7461
7462
7463
7463
7464
7466
7467
7467
7468
7468
7468
7469
7469
7471
7475
7477
7478
7479
7479
7479
7480
7480
7480
7482
7484
7484
7484
7486
7487
7487
7487
7488
7492
7493
7493
7496
7497
7498
7498
7498
7499
7499
7499
7500
7500
7502
7502
7503
7506
7506
7506
7509
7513
7513
7515
7517
7518
7520
7521
7525
7525
7528
7529
7530
7531
7533
7533
7535
7535
7536
7537
7539
7539
7539
7540
7540
7540
7541
7543
7550
7554
7554
7557
7558
7558
7559
7559
7559
7562
7562
7562
7562
7563
7563
7564
7565
7566
7567
7567
7568
7570
7570
7570
7570
7570
7573
7573
7574
7575
7575
7576
7578
7579
7580
7581
7581
7582
7582
7584
7585
7586
7587
7590
7593
7593
7593
7593
7595
7596
7597
7599
7599
7600
7601
7603
7604
7604
7605
7606
7607
7612
7612
7612
7613
7614
7615
7616
7617
7620
7623
7623
7628
7629
7632
7635
7635
7637
7637
7637
7639
7639
7640
7641
7642
7642
7643
7644
7644
7646
7646
7647
7650
7652
7652
7654
7654
7654
7655
7655
7655
7657
7657
7660
7662
7662
7663
7663
7664
7664
7668
7669
7669
7669
7670
7672
7672
7675
7678
7679
7681
7681
7681
7682
7682
7683
7683
7684
7686
7686
7689
7690
7690
7692
7695
7699
7699
7699
7701
7703
7704
7705
7708
7708
7710
7710
7711
7712
7712
7714
7715
7715
7716
7718
7719
7722
7722
7722
7722
7723
7724
7725
7725
7725
7725
7726
7728
7730
7735
7739
7739
7744
7746
7746
7746
7746
7747
7748
7750
7751
7752
7755
7756
7756
7757
7757
7757
7758
7759
7759
7760
7763
7764
7764
7764
7765
7767
7768
7769
7770
7770
7771
7771
7773
7774
7775
7777
7778
7779
7779
7780
7780
7781
7781
7781
7783
7783
7783
7783
7784
7786
7787
7788
7788
7788
7789
7789
7789
7790
7790
7791
7792
7793
7794
7794
7795
7797
7799
7800
7803
7804
7804
7804
7804
7804
7804
7805
7806
7807
7807
7808
7808
7809
7810
7810
7811
7811
7813
7813
7813
7814
7815
7815
7815
7817
7817
7818
7818
7820
7821
7822
7822
7823
7823
7825
7825
7827
7828
7829
7829
7831
7834
7835
7836
7837
7842
7842
7843
7843
7844
7845
7845
7845
7846
7846
7847
7847
7849
7851
7852
7853
7853
7853
7854
7854
7856
7857
7858
7858
7859
7860
7861
7862
7863
7863
7865
7866
7866
7867
7869
7870
7870
7870
7871
7872
7873
7873
7873
7875
7877
7879
7879
7880
7880
7881
7883
7883
7884
7885
7887
7891
7894
7895
7895
7896
7896
7896
7896
7897
7897
7898
7898
7900
7900
7902
7903
7904
7905
7906
7909
7911
7911
7913
7914
7915
7915
7915
7916
7916
7916
7917
7917
7920
7920
7921
7922
7922
7924
7924
7926
7927
7927
7928
7928
7930
7932
7933
7934
7934
7935
7938
7941
7942
7943
7943
7946
7947
7947
7948
7950
7951
7951
7952
7953
7954
7956
7956
7957
7958
7959
7960
7961
7961
7961
7962
7964
7965
7969
7971
7971
7972
7973
7974
7975
7976
7976
7977
7977
7979
7980
7981
7982
7982
7983
7984
7987
7988
7988
7988
7989
7990
7991
7991
7994
7995
7996
7996
7997
7999
8000
8000
8000
8001
8001
8001
8002
8003
8005
8005
8005
8006
8006
8006
8007
8009
8010
8010
8010
8011
8011
8011
8012
8012
8012
8013
8013
8013
8014
8015
8017
8018
8019
8020
8021
8023
8024
8026
8027
8027
8028
8032
8032
8033
8033
8036
8037
8037
8038
8039
8039
8040
8041
8042
8044
8044
8046
8047
8048
8049
8049
8049
8051
8051
8051
8053
8056
8057
8058
8059
8060
8060
8063
8063
8063
8063
8064
8065
8065
8065
8066
8066
8067
8068
8069
8070
8070
8072
8072
8073
8073
8075
8076
8078
8078
8080
8081
8081
8081
8083
8084
8084
8084
8085
8087
8089
8090
8091
8093
8093
8094
8094
8094
8096
8097
8101
8104
8105
8106
8107
8107
8108
8109
8110
8114
8114
8116
8116
8117
8117
8118
8118
8119
8120
8121
8122
8122
8125
8125
8127
8128
8129
8130
8132
8132
8133
8134
8135
8136
8136
8139
8139
8141
8142
8143
8145
8145
8145
8147
8149
8150
8151
8151
8152
8154
8155
8156
8158
8160
8161
8161
8162
8164
8164
8164
8165
8166
8167
8168
8169
8170
8171
8173
8174
8175
8175
8175
8176
8177
8179
8179
8180
8181
8182
8184
8185
8186
8188
8191
8197
8197
8199
8200
8201
8201
8202
8203
8203
8206
8206
8208
8210
8211
8211
8212
8213
8213
8216
8217
8219
8219
8220
8221
8222
8223
8223
8225
8225
8226
8226
8227
8228
8230
8230
8230
8232
8233
8234
8236
8236
8236
8238
8241
8242
8242
8244
8244
8245
8246
8247
8249
8250
8253
8253
8254
8254
8256
8256
8257
8257
8257
8258
8259
8261
8261
8261
8261
8262
8262
8263
8263
8264
8265
8265
8265
8266
8267
8268
8268
8269
8269
8269
8270
8270
8270
8270
8271
8274
8276
8279
8280
8283
8284
8285
8286
8290
8291
8291
8291
8292
8293
8293
8293
8296
8297
8297
8299
8299
8299
8301
8302
8303
8305
8305
8306
8307
8307
8308
8308
8308
8314
8314
8316
8318
8321
8323
8324
8326
8328
8328
8329
8330
8330
8330
8333
8333
8335
8335
8336
8336
8336
8336
8337
8338
8341
8341
8342
8342
8342
8344
8346
8347
8348
8348
8350
8350
8357
8358
8359
8360
8360
8362
8362
8365
8366
8367
8367
8369
8370
8372
8372
8373
8373
8374
8374
8375
8376
8376
8377
8377
8377
8378
8378
8379
8380
8380
8381
8382
8382
8382
8385
8386
8387
8388
8388
8389
8390
8390
8390
8393
8394
8395
8395
8396
8399
8399
8400
8400
8405
8405
8405
8405
8405
8408
8409
8411
8413
8415
8415
8417
8417
8418
8419
8420
8421
8421
8422
8425
8426
8426
8428
8428
8429
8430
8430
8430
8431
8431
8433
8433
8434
8435
8435
8436
8436
8438
8439
8439
8439
8440
8441
8442
8443
8444
8444
8447
8447
8448
8449
8449
8449
8450
8452
8452
8452
8453
8453
8454
8456
8457
8457
8458
8458
8458
8458
8459
8459
8459
8460
8460
8460
8461
8461
8462
8463
8463
8465
8465
8470
8470
8471
8474
8477
8477
8477
8478
8479
8480
8481
8481
8482
8482
8483
8484
8486
8486
8488
8488
8488
8490
8491
8491
8491
8492
8492
8492
8493
8493
8494
8495
8497
8497
8498
8498
8500
8501
8501
8504
8505
8506
8508
8508
8510
8511
8513
8514
8514
8516
8516
8516
8517
8517
8517
8518
8519
8520
8520
8521
8522
8523
8524
8525
8525
8525
8526
8526
8527
8528
8530
8531
8533
8534
8536
8539
8539
8539
8539
8544
8544
8544
8545
8547
8549
8550
8550
8551
8552
8553
8557
8558
8558
8559
8562
8562
8563
8563
8564
8564
8565
8566
8570
8571
8571
8574
8575
8575
8576
8577
8579
8579
8582
8584
8584
8584
8586
8586
8587
8587
8588
8589
8590
8592
8593
8595
8595
8595
8596
8596
8596
8596
8597
8597
8597
8598
8601
8601
8602
8603
8604
8605
8605
8606
8607
8608
8608
8609
8612
8616
8616
8617
8618
8620
8622
8622
8623
8624
8626
8630
8633
8633
8633
8636
8637
8639
8639
8640
8641
8644
8646
8648
8649
8650
8651
8651
8652
8652
8652
8652
8653
8654
8655
8655
8656
8657
8659
8659
8659
8659
8662
8663
8666
8666
8668
8669
8672
8672
8674
8675
8676
8676
8676
8677
8679
8679
8679
8680
8680
8683
8685
8685
8687
8688
8689
8691
8691
8692
8692
8695
8695
8695
8695
8697
8701
8704
8704
8706
8706
8706
8706
8707
8708
8710
8710
8710
8710
8711
8711
8712
8712
8712
8713
8717
8719
8721
8723
8728
8729
8730
8730
8731
8732
8733
8734
8735
8736
8737
8740
8741
8741
8742
8743
8743
8743
8743
8744
8745
8746
8747
8748
8750
8752
8753
8753
8754
8754
8754
8756
8759
8760
8760
8760
8760
8760
8760
8761
8762
8762
8763
8763
8764
8765
8765
8766
8766
8767
8769
8771
8773
8774
8776
8776
8776
8777
8778
8779
8780
8780
8781
8781
8782
8782
8782
8783
8783
8783
8784
8786
8787
8787
8789
8790
8792
8793
8795
8796
8797
8798
8798
8799
8799
8801
8801
8803
8803
8804
8804
8805
8805
8806
8806
8807
8809
8810
8811
8812
8813
8814
8815
8815
8816
8817
8818
8820
8821
8824
8824
8825
8825
8827
8829
8832
8836
8836
8837
8839
8841
8841
8841
8845
8846
8847
8849
8850
8850
8852
8852
8854
8855
8855
8856
8857
8857
8858
8858
8858
8860
8861
8862
8866
8866
8870
8870
8872
8874
8874
8875
8876
8876
8877
8877
8878
8879
8880
8883
8884
8884
8885
8885
8886
8886
8887
8887
8887
8888
8888
8889
8889
8890
8890
8891
8891
8892
8893
8894
8894
8894
8894
8895
8895
8896
8897
8897
8897
8898
8900
8901
8902
8904
8905
8905
8905
8905
8906
8912
8913
8913
8913
8915
8915
8916
8916
8917
8919
8919
8920
8921
8924
8926
8928
8929
8930
8930
8930
8932
8933
8934
8935
8937
8939
8940
8941
8941
8942
8942
8944
8944
8947
8950
8952
8953
8954
8955
8956
8958
8959
8961
8961
8964
8965
8966
8968
8968
8968
8969
8977
8978
8980
8982
8982
8983
8983
8983
8984
8984
8986
8987
8988
8988
8988
8990
8990
8991
8992
8992
8992
8994
8994
8995
8995
8995
8998
8998
9000
9000
9002
9002
9007
9007
9008
9009
9010
9012
9014
9014
9016
9019
9019
9020
9020
9020
9021
9022
9025
9026
9026
9026
9028
9028
9033
9033
9034
9034
9034
9034
9035
9036
9037
9039
9039
9040
9042
9042
9042
9043
9043
9044
9045
9046
9046
9047
9048
9049
9050
9050
9051
9052
9057
9058
9058
9059
9059
9060
9062
9063
9063
9065
9066
9066
9066
9067
9067
9068
9069
9069
9069
9069
9069
9069
9070
9071
9072
9072
9074
9075
9075
9076
9077
9077
9077
9080
9080
9081
9082
9083
9085
9085
9086
9089
9090
9091
9091
9091
9093
9094
9094
9094
9094
9096
9097
9099
9100
9100
9101
9103
9104
9105
9105
9105
9107
9108
9108
9109
9109
9110
9112
9112
9113
9113
9114
9115
9115
9116
9117
9121
9124
9125
9125
9125
9127
9128
9128
9130
9131
9131
9131
9132
9133
9137
9138
9138
9138
9138
9139
9139
9139
9139
9139
9140
9140
9141
9142
9143
9146
9148
9150
9150
9151
9152
9153
9155
9155
9155
9156
9157
9161
9162
9164
9164
9164
9165
9165
9165
9165
9166
9166
9167
9168
9169
9171
9173
9174
9174
9174
9175
9176
9177
9177
9177
9177
9178
9179
9179
9180
9182
9185
9186
9187
9187
9188
9189
9189
9191
9192
9192
9194
9194
9195
9195
9196
9196
9198
9202
9202
9203
9204
9208
9209
9209
9211
9211
9211
9214
9216
9216
9217
9218
9225
9226
9227
9228
9229
9230
9230
9231
9234
9236
9236
9236
9238
9238
9238
9239
9240
9241
9241
9243
9244
9245
9245
9245
9245
9245
9246
9246
9248
9248
9252
9253
9255
9255
9256
9256
9256
9258
9258
9259
9260
9260
9261
9262
9264
9264
9266
9268
9270
9271
9274
9278
9280
9280
9281
9281
9281
9282
9284
9284
9285
9288
9289
9289
9289
9289
9290
9290
9291
9291
9292
9292
9292
9292
9293
9294
9294
9295
9296
9296
9297
9297
9299
9299
9299
9301
9301
9301
9302
9302
9302
9302
9304
9304
9304
9305
9306
9307
9309
9310
9312
9313
9314
9314
9315
9315
9315
9317
9318
9318
9319
9319
9319
9320
9321
9321
9322
9323
9323
9324
9324
9325
9328
9328
9328
9329
9329
9330
9330
9331
9332
9332
9333
9333
9333
9333
9334
9335
9336
9336
9337
9338
9340
9342
9342
9343
9343
9344
9345
9345
9346
9346
9347
9349
9350
9350
9352
9353
9353
9355
9355
9356
9357
9357
9361
9365
9368
9371
9372
9373
9375
9376
9377
9379
9379
9380
9380
9383
9383
9383
9384
9384
9385
9385
9386
9389
9389
9393
9394
9396
9396
9397
9397
9400
9401
9402
9402
9403
9404
9404
9404
9405
9405
9406
9406
9407
9408
9409
9410
9414
9415
9417
9417
9417
9418
9418
9420
9421
9426
9427
9427
9427
9427
9429
9431
9431
9432
9435
9436
9438
9439
9439
9439
9440
9442
9443
9443
9443
9443
9444
9445
9446
9446
9446
9447
9448
9448
9448
9449
9449
9449
9449
9451
9454
9454
9454
9455
9456
9456
9458
9459
9460
9460
9461
9462
9463
9463
9464
9467
9470
9472
9474
9475
9475
9475
9476
9478
9479
9480
9480
9483
9483
9483
9485
9487
9488
9489
9489
9490
9492
9492
9492
9492
9492
9493
9494
9495
9496
9497
9498
9498
9500
9500
9500
9503
9503
9504
9504
9505
9508
9509
9510
9510
9511
9511
9512
9512
9514
9514
9516
9517
9519
9519
9519
9527
9528
9530
9530
9532
9532
9532
9534
9536
9536
9536
9536
9537
9538
9539
9539
9540
9541
9541
9542
9544
9545
9545
9547
9549
9549
9550
9551
9553
9554
9556
9556
9557
9557
9559
9559
9559
9560
9563
9563
9564
9570
9574
9575
9580
9580
9581
9581
9582
9583
9583
9585
9585
9586
9586
9587
9587
9588
9588
9589
9589
9590
9590
9592
9593
9594
9595
9596
9597
9598
9598
9599
9599
9600
9601
9601
9601
9602
9603
9603
9604
9604
9605
9606
9606
9607
9608
9611
9613
9614
9615
9617
9618
9625
9625
9626
9629
9629
9629
9633
9633
9634
9635
9635
9636
9637
9638
9639
9639
9639
9640
9640
9640
9640
9641
9643
9644
9645
9652
9653
9653
9654
9655
9661
9661
9664
9664
9664
9664
9668
9669
9670
9671
9672
9672
9675
9676
9676
9676
9677
9677
9677
9677
9679
9679
9684
9684
9685
9686
9689
9690
9691
9692
9693
9694
9696
9697
9697
9698
9701
9701
9701
9701
9703
9704
9704
9705
9706
9707
9707
9708
9708
9709
9711
9715
9717
9720
9721
9721
9725
9727
9728
9729
9729
9730
9732
9734
9734
9734
9736
9737
9740
9740
9740
9741
9742
9742
9743
9743
9743
9744
9745
9745
9745
9746
9746
9746
9747
9749
9749
9749
9749
9751
9751
9751
9756
9757
9757
9760
9761
9761
9763
9765
9765
9768
9769
9771
9773
9775
9775
9776
9776
9780
9781
9781
9781
9783
9784
9784
9785
9787
9792
9792
9792
9793
9795
9796
9797
9797
9798
9799
9799
9801
9801
9802
9802
9803
9804
9804
9806
9808
9810
9814
9816
9816
9817
9820
9820
9821
9821
9822
9824
9826
9828
9828
9830
9831
9836
9836
9837
9837
9839
9842
9844
9847
9848
9852
9853
9853
9853
9855
9855
9856
9856
9857
9857
9857
9857
9857
9858
9859
9859
9864
9866
9867
9867
9867
9868
9869
9871
9874
9874
9877
9879
9880
9882
9882
9883
9886
9886
9890
9893
9894
9895
9896
9896
9897
9897
9897
9898
9899
9900
9900
9901
9902
9904
9906
9907
9909
9910
9910
9910
9911
9912
9914
9914
9915
9916
9917
9918
9919
9924
9925
9925
9926
9926
9927
9927
9927
9930
9930
9930
9931
9932
9932
9932
9933
9935
9935
9935
9936
9940
9942
9942
9943
9943
9944
9944
9945
9946
9946
9946
9947
9947
9949
9949
9950
9951
9952
9953
9957
9957
9958
9958
9958
9960
9960
9960
9961
9962
9963
9963
9964
9965
9966
9966
9966
9967
9968
9968
9970
9971
9971
9971
9973
9973
9973
9974
9976
9976
9976
9978
9978
9978
9979
9979
9981
9984
9984
9985
9986
9991
9991
9992
9993
9993
9996
9996
9999
9999
9999
