1598514
824056 7556
0
6851
8849
13020
5092
8909
4827
9322
14275
7055
13223
7998
2778
13161
8363
4725
9173
15042
13182
5386
5469
10880
1789
2181
6779
3121
4274
2185
12745
6299
6292
11439
7809
7537
9080
8939
3764
6352
1852
11915
9258
5217
9708
6166
5659
14742
9376
2223
2220
12382
14461
14178
7404
14491
11785
488
7546
1101
932
4839
14012
3125
8250
9789
11670
13944
11791
2615
5472
13019
11964
14449
9265
3412
14765
3952
5614
7542
8229
11110
9415
15045
374
1371
5049
10259
2566
5300
9209
2090
3711
11612
13726
2624
9788
8634
9443
7874
3584
10876
7664
10376
14828
1470
4840
1593
7702
11681
5800
1698
3411
11957
7448
3368
1399
11030
2225
8654
10134
11774
421
2563
1448
1003
4474
8774
4843
5704
3257
5482
11091
8649
304
6947
3602
3251
13018
910
12137
5916
10896
5155
12676
13859
7136
2959
5706
2213
436
11479
8591
14982
7006
12219
11122
9608
6988
6944
7714
12108
10202
12529
14984
7490
5221
15064
13016
1406
3255
7400
283
4038
116
13255
15074
9540
14042
4241
2184
4265
1120
8113
11123
422
3109
5623
9685
10727
8964
10009
12986
11132
9396
3633
3612
5946
13056
2850
8977
2165
12309
7641
4689
5709
6980
7637
10660
10534
8936
7880
11
15073
2811
1436
10419
7643
8611
14249
14363
13061
4808
8658
6588
12025
3858
12497
6542
4200
8154
14289
8118
2254
11826
1466
8453
2699
7231
2045
9045
14867
986
9524
8074
4818
5764
13142
3423
7229
3683
2107
9054
4331
2593
4520
4678
4162
3360
752
1895
622
3559
10514
9046
4476
3780
983
3297
3571
13296
5173
7595
4064
14985
14571
14489
9536
2961
8656
7599
14929
10379
4300
10438
5584
11858
4797
294
2771
14501
7910
9539
10457
13743
6305
5572
10114
11383
1656
3913
14741
3171
8801
3408
14829
2204
6916
2049
11900
14083
13074
5824
8114
14508
7223
9192
13377
9530
2347
15052
8958
4290
7451
8396
5018
5816
4244
12607
2635
13337
14189
8483
12379
14899
14255
515
8921
2145
13064
2723
10112
3579
7334
14043
7453
7644
14986
6822
4284
7924
9918
10392
10368
2207
8720
2016
4414
10667
15054
11731
12320
4291
1357
4264
13467
5656
2571
3939
3925
8653
11313
10989
2364
6547
4942
7101
12082
3958
4816
2768
10329
1483
11932
9897
9710
2989
4085
2870
13209
10452
10062
1384
11485
14423
5345
13362
3451
5753
2603
9722
12115
6646
8278
11201
14859
558
13361
8950
1639
8398
3489
13982
14090
6647
12328
12522
6127
7266
6543
6482
13270
10492
4425
12113
10143
6644
14569
10990
7205
3220
3718
3793
14450
8648
7684
13875
7023
441
11749
5777
13171
5700
13172
12263
11990
10810
10809
3905
13336
13542
8231
7697
10772
50
8841
586
12445
10755
7382
14301
3254
14722
8258
1711
5486
4929
11945
11730
418
13224
1026
13335
9727
301
13331
5163
14193
11879
11331
10851
13504
13863
10179
10367
11206
14499
12617
9661
715
7737
12904
11322
14295
11870
11418
495
11151
10773
10983
12027
2975
7667
3076
3429
909
8780
11979
2973
1338
12498
1395
120
15075
2055
6062
7833
11877
5162
7717
11606
6631
14522
13654
3742
10897
15104
11886
2214
9784
8799
11816
14303
9421
13198
12616
8864
8863
8865
9999
5352
11177
5862
4059
9899
9334
9480
8102
3256
13563
7705
8622
4826
14837
10350
7810
6343
11187
5158
8828
9390
1628
6504
14764
13166
6315
9456
7432
6225
7000
4208
2662
305
7431
3784
4257
2806
13850
9477
7414
2098
10843
3409
7408
5841
9732
5479
1103
7757
12568
7262
7892
9419
10891
4169
14093
10932
9844
14995
2966
237
7045
4242
13068
8756
7920
11290
7137
8550
8914
10827
13359
14906
2732
10980
10538
512
10537
3424
8008
1092
10689
5570
2453
1761
9224
6353
4817
7893
1569
14923
9231
13183
10808
14610
4782
12627
8403
4253
2584
8109
8984
6512
12547
4088
14942
4444
7124
13155
13305
2440
14308
13116
9067
4446
14038
5821
4731
8928
12630
12443
10451
11102
2365
11756
2041
13000
10834
12831
8288
13463
7648
11937
3365
4360
10382
3700
748
4549
8681
2050
6875
567
11597
14723
8455
11363
1604
2673
7441
14430
7993
11316
10721
11251
554
10048
4767
929
11736
2411
7698
11702
13939
4510
11071
6417
6608
1239
3776
9372
9657
13308
3460
5909
14343
6645
10076
14025
14366
2152
4495
13256
10064
5507
4885
14195
13396
14858
14299
5432
12852
12162
3873
755
670
6815
4802
6831
13555
13268
1822
1323
5977
3659
14739
4708
13189
9452
5789
13131
4922
11131
962
15
169
11128
8410
11806
8299
5779
6189
1601
4809
6821
9269
6657
13143
8501
620
13879
15020
278
11986
4709
245
12190
5723
1520
4269
4388
6975
9736
13553
8471
6584
6788
12454
877
6027
11396
9433
4046
6683
1723
5248
9304
4687
1288
5901
1689
14070
13036
3481
6055
14616
6672
14801
1700
1719
7628
1164
1272
6382
7128
5577
3550
1110
7162
11413
12178
2508
2996
8139
14842
7677
11184
11975
1264
13141
13415
12728
2038
11617
3661
11241
11446
8308
402
6651
5803
1573
4025
3691
2522
447
13799
7848
664
1065
8433
13861
14074
3309
8422
6530
10260
13731
12335
3278
14487
3976
2617
4800
5596
7666
4681
2913
7235
13770
6514
2535
12380
5384
14952
5983
7662
5881
2618
1194
1970
12890
3005
2471
11723
14239
13316
3410
3617
1887
11698
11884
4695
14183
11093
12491
2178
9050
14496
4716
2303
2546
1063
5451
3482
14830
5982
4364
13698
5464
10292
13589
9852
2693
2517
8310
13706
14692
3941
9879
10086
1734
7087
15039
4065
1855
14951
9037
3157
348
2472
3520
6852
6391
6392
457
9718
13506
13808
8401
14027
12076
9447
14304
3433
1730
13798
5589
13374
5860
12273
3560
11882
12891
445
8640
11822
4858
8663
8635
8540
2139
12559
277
11343
12694
13528
9797
1081
13668
994
2868
12102
7226
2532
11233
3092
3022
9735
11107
14694
1188
10952
10589
14746
14335
5020
11192
8602
4173
4175
12398
900
11308
14937
10273
7624
12871
3043
8327
11134
5918
5367
3986
13707
14369
11773
7829
2976
13281
4339
11069
12134
5376
10442
6346
7834
13479
577
14173
83
2156
2616
11170
11384
2912
12283
4824
8513
10752
13160
13370
11632
2955
6492
552
8352
12755
11750
11476
5657
13787
3447
5562
11887
1183
8476
13832
7405
12689
11793
5637
1702
3252
12570
11792
10738
14422
10445
1651
1843
4382
1956
14168
5587
13617
5140
1404
3042
2209
9848
11933
4119
242
9312
3640
11847
13645
5653
238
1289
2983
4819
9809
8245
11832
14400
2523
129
14953
12952
74
4084
10713
4035
5595
2835
10985
4522
6871
2962
13157
5418
7719
13590
964
9115
6314
3386
12567
942
13765
2540
8461
5696
484
4705
4679
12972
612
5447
11456
14819
5890
5575
11167
11511
637
5832
9414
2021
12840
8884
9613
608
10694
3363
12976
517
3070
9825
2044
4051
12005
9728
574
11039
14509
1293
11531
11909
9676
12476
9576
10044
12795
8447
9818
13490
14767
847
5416
927
1064
9574
12169
3024
5421
856
12939
13515
8424
13573
13891
13892
11103
5495
12765
1147
12654
5473
14531
3531
5225
8448
3221
4072
14724
5383
9901
3716
6390
12109
2883
11265
4014
5382
15016
11359
14468
2410
13558
14113
12588
8485
6602
3638
2611
13211
9781
8673
7288
3342
2053
2884
14752
3578
8260
9675
13498
7508
5470
14003
9161
12653
7095
8142
12863
9233
1118
5745
1515
1157
4713
12792
14256
3341
5198
2836
5019
3757
14136
13122
3779
463
8527
12478
1838
13958
5681
4310
10935
14009
1974
3301
758
2036
4413
8949
6105
2885
450
5428
14428
13386
10844
926
14749
2195
14039
8866
3533
5491
9981
7472
6404
9380
9670
3454
8844
337
10911
6362
2237
3006
14559
11460
14916
2443
13738
4070
10829
14820
12455
9683
3748
9392
4762
3069
14621
9550
5031
14766
6778
12851
4683
6768
4693
6773
13233
14421
5930
2832
11701
9807
12475
1061
4968
4252
12202
4884
592
11345
971
12748
699
510
5086
5465
14562
1216
7620
12665
1905
5504
11156
12758
11346
13454
4272
6526
11361
992
14403
4758
8793
5967
2302
9127
5165
12417
12855
4888
171
13329
235
14440
2123
1324
6038
11376
3061
6952
13017
12495
985
11327
12940
3094
9787
7769
5871
10564
11716
3753
6517
4987
6128
3355
4895
8342
4871
14718
5731
5496
5544
6819
4806
14312
9572
12979
12701
13575
4726
10231
11397
5166
9320
6104
9442
392
13887
1643
6829
8140
7814
12800
12742
13307
6771
7878
7077
1344
1979
1111
5226
6767
14574
1417
14368
10892
12688
1077
9147
1481
13079
2788
2896
6325
15107
12384
1396
14185
11019
11393
14769
4096
5207
3060
5727
10032
692
14568
3029
4142
598
14497
2148
227
12047
4363
7389
8123
13914
12241
5279
3056
685
5877
2004
12430
7345
6118
10187
2902
2463
44
12181
14238
13608
7661
11516
2192
3558
4099
14285
5347
1478
22
5973
11017
1945
14824
13659
6
12623
6119
2779
2323
14297
10790
8612
12386
1000
5335
2407
12879
464
11574
6747
5041
5147
14065
11148
5272
14047
5234
3903
3737
11623
8942
6002
10904
3267
3170
9284
13473
276
12988
10593
430
14424
5557
4773
8220
13607
1228
8679
12342
369
4347
14624
3763
5475
1662
6928
11717
8744
7
11117
10121
14472
8427
10648
753
11042
4047
666
12649
9040
14046
13992
13130
13221
14345
1468
7447
2318
5569
7388
11829
13610
14021
11654
10039
8091
1129
2356
5542
13634
14589
11250
12291
10926
14669
2398
2438
3384
3243
13635
12336
2199
7605
14011
6178
2095
10007
14393
13026
6254
836
13203
1035
10147
11401
4426
1720
14018
9877
14045
9499
1480
3951
7899
3380
12238
2604
14063
11021
5705
3304
5737
921
966
3000
6488
10659
3337
14067
4462
1432
3535
14429
13577
1951
11594
5044
9162
14053
5608
8517
11525
6267
14777
8798
3438
15003
7968
5350
9485
2428
11700
8722
10302
14707
1936
15007
14921
13375
12663
3719
4393
12870
11077
7189
4143
10138
1059
9489
10792
8209
14853
14869
11978
4979
12832
5804
9182
6845
416
11570
5188
6238
7856
543
1124
4311
6754
4645
2993
13440
11705
11743
12716
6710
11628
697
10599
6345
13688
13728
12573
13412
5997
6213
6870
3881
1022
3330
14442
3187
14992
12172
1712
6250
12333
10180
2307
6912
14265
7301
9187
11217
7285
6227
12669
1808
13384
2958
11588
4120
11022
11204
8417
13754
5607
7616
8419
8821
7466
78
7324
901
5708
4965
3296
11651
3067
12733
4616
2353
5109
9753
8053
1419
14443
14813
12578
12914
4029
12171
2875
5115
14814
3016
3443
5471
1028
14485
8920
1301
12427
327
10824
9959
3390
11517
4232
3887
13257
3894
14847
13665
14344
6652
12924
3134
8435
2446
14245
791
10905
13605
1219
6253
8971
832
3149
566
11194
5622
14332
9920
10658
11268
12953
12462
7337
1530
2663
2246
3401
3079
7397
5427
808
11878
1027
2151
13780
7251
8009
14878
8034
14786
8047
6231
2308
6468
5673
6334
13347
13653
13124
14798
5303
11414
2294
2610
7416
4931
1130
14799
4350
5713
3896
7682
3066
10428
9089
8187
4240
2244
8596
10535
4654
7112
4395
6464
8024
4599
9318
14690
8037
3397
10723
13433
8036
4315
782
12954
10331
10618
10312
4227
4213
7392
7586
2101
10961
11368
13638
6270
11740
8039
2676
8529
930
4595
1389
14994
8042
199
1449
2193
1845
2724
13611
8834
13107
13106
11417
13545
10371
4502
13991
10141
2299
8761
8184
1477
10131
4507
8474
11158
4647
11927
7901
8057
9246
11056
13144
11761
8366
702
10745
15014
11851
3645
4113
5135
3020
7268
919
131
7478
7233
9500
4247
1069
12362
2791
6484
12339
12043
14338
10964
4563
12894
11744
12732
7320
6856
2830
10123
11115
9626
10403
13889
1594
704
1713
200
8683
1861
7598
4872
5882
12768
5984
11501
8929
6703
6892
11223
4635
7109
11181
2769
9215
13104
6436
14651
2746
8015
6019
1390
4998
10108
13234
12317
6973
6866
13628
781
11146
988
6725
13103
14409
9088
1502
4491
4497
3855
7430
1135
4293
4900
5971
14785
9501
13275
13003
12030
3818
3099
5240
8672
848
8838
5080
5081
2264
7219
4445
13350
4546
8084
5870
12356
4715
10761
14679
1859
1614
12624
819
10054
4192
10883
14264
1472
3295
7154
14727
516
2332
5810
14808
5099
14447
4882
7015
1862
12116
4386
11496
4619
6745
12340
3528
1926
14675
2277
843
8080
13953
12048
8901
4556
6416
11272
4435
1801
12092
9601
7482
1911
7516
5868
5672
8055
2876
438
11869
7190
6329
7195
13101
8305
3936
2722
14597
12753
12232
5137
973
6279
461
8316
1621
5114
13481
2921
5102
14213
10069
6955
13594
3510
7515
12757
5397
5078
12419
6368
7665
13660
14728
5068
11599
10807
5883
388
8738
889
383
9603
1350
5974
9165
4870
8631
12737
4836
5885
60
2657
2371
3647
5341
2792
5087
5626
2063
5261
7082
3334
9958
3179
4720
10014
5409
7362
414
5889
145
2858
9904
1737
11532
2372
12282
12197
350
5283
14990
3107
4952
5988
13756
1950
14361
13030
14546
4453
14807
10029
11108
7659
2383
3869
4586
10517
5138
14580
891
13406
2964
9164
12000
12068
57
12915
3175
460
1817
8307
12097
3166
11033
14394
12906
1735
7805
10098
23
13149
8792
1346
13641
6670
7474
5378
5195
12500
10803
10074
1486
11302
5411
1600
1790
5412
9166
12461
11888
14638
13266
2649
5294
6365
2758
14267
1910
11278
9094
2085
6307
14049
5892
5550
5176
5171
9139
12228
4615
6742
5302
13263
10522
390
10309
10919
3083
1462
5187
10603
3082
1237
5399
5275
807
1984
1173
6922
1507
6743
4617
8126
5304
7387
322
5434
6696
14595
9909
6491
6033
12372
12911
9905
6198
8952
13822
6511
794
9506
12934
4387
9059
3100
13321
5098
13236
12702
7485
10386
10963
639
11407
13289
9338
876
12177
5711
8731
14649
3403
11618
661
12786
6750
4630
7120
1378
9027
13097
2297
13028
1576
10938
11427
947
11820
6396
12817
13961
11737
9024
4567
1835
10796
1546
14029
8825
11918
5755
12438
4501
11824
13059
1447
3551
8742
11431
11144
8576
11720
1376
7473
2248
7982
7158
13219
12039
1548
9594
3037
3084
13974
4652
3142
14336
3459
28
10585
8451
10057
7171
6594
11983
8698
5308
7322
8124
10474
10529
10158
3399
12824
5718
3493
7160
14632
818
14252
12670
11925
7200
12608
974
6919
12099
5791
13360
4098
6712
8082
5391
5712
6827
1345
5869
925
10119
7356
12270
8306
3435
11789
2582
6716
10671
10722
10409
10482
11684
7230
13806
14670
2622
455
2415
12796
9028
1597
1479
8182
4469
10710
2305
8809
7573
10730
10359
7597
10458
5941
4680
806
6624
1602
6722
11981
1509
1302
13985
9072
7931
4734
13034
1458
4598
1540
7493
5305
11027
13280
4254
2273
9025
13805
7234
3650
13238
12316
4613
7585
2741
4580
14054
9157
1946
730
13821
3462
10886
5290
14912
5330
8700
12790
690
5070
14317
6759
4640
4524
1354
11258
6825
7207
4568
10400
4637
13571
4584
8035
660
10724
13220
11646
12361
12947
9316
257
11653
1132
8210
6335
11057
4821
2261
6532
4542
7676
2286
4235
9957
4484
9229
5466
5316
4707
7370
1997
774
14364
13955
5136
11993
6475
6671
3375
4153
86
13290
12196
14262
11228
11719
4075
14357
10541
12887
10822
8379
813
8046
11536
14263
12418
6902
6982
6981
5792
7816
11919
4733
87
2377
799
6266
339
13012
9566
13011
1592
7271
3085
12230
3104
10615
261
6589
5986
14351
1641
10030
1503
8701
5632
3573
14816
14848
525
14648
8762
1703
14354
8763
7172
7013
9890
1709
7330
8892
6196
5323
945
944
7203
6837
8765
11475
9154
13588
52
2895
7220
7377
11560
1967
1860
10682
11831
9185
9186
2479
8294
8295
5395
13324
805
2071
3106
8437
3202
9564
14691
14325
3740
14008
1965
1964
14341
9911
10894
12920
14324
9556
5611
14326
12038
9163
12885
5403
10826
12754
14048
14328
10053
12927
9563
4976
5429
3444
6836
14436
7827
802
14339
13084
5746
2627
10111
13895
2384
1034
12931
9565
6004
12065
10692
12229
3750
7004
11546
7591
8110
7115
4557
6456
13245
7060
9961
13438
9562
14685
12402
12930
6070
8590
10708
9962
14588
10015
14640
14337
10017
94
6131
9963
411
92
5987
5208
5209
12884
173
1494
2752
13746
12437
1682
1732
1545
10993
7429
9866
4536
7420
14886
14817
9922
8572
152
9350
1554
14639
13574
2821
12922
9965
9557
8998
14642
5943
10195
9586
3073
14687
11891
12166
13689
923
12456
5179
9590
7007
7939
6304
4313
4314
5710
8083
800
3173
12650
7577
12594
5740
12550
29
7328
14373
6453
7729
1623
13547
5891
1598
6862
13222
12929
3089
6052
529
9228
6713
3734
11141
3146
3860
2249
9351
11106
1638
14058
5896
8381
6239
1490
10022
13916
8554
11629
9569
7849
4719
5103
5141
3544
13035
8132
6030
3665
6241
11542
9923
4794
5243
6714
12815
6084
9108
9612
12923
1450
13435
5244
11592
11388
8735
1433
1670
12919
6600
1547
9604
12712
13472
12992
13402
7967
12893
11871
12442
10596
12773
77
11399
11609
9561
13792
11668
9908
10623
2661
3055
4538
417
14584
13195
5905
7983
801
3862
2891
14560
250
5900
4967
12240
1608
10016
10632
1553
11026
1935
10937
10034
12036
11616
14358
12040
9611
5739
5076
3110
796
12492
3741
3746
2140
6951
8394
190
6726
7174
13109
7947
3570
193
9084
5904
1307
69
456
6034
10021
6049
3536
4874
1555
3398
2067
12274
7999
6215
2314
6031
12035
8075
11790
11615
13252
1796
4330
7041
11063
13759
2295
2626
6435
1795
6428
10616
8135
5192
7170
10432
9352
3992
10622
12823
12620
9510
12696
12699
3312
2658
4859
7383
11096
8917
14057
4203
6068
522
14350
12373
13032
6265
2923
7470
1518
6312
12381
13317
95
1526
12452
12925
6297
6235
13949
3093
4626
6748
2628
1467
1031
14721
3688
5887
3231
13216
13217
2382
14818
10033
9929
1990
14258
121
410
12034
14222
3918
9571
9868
11581
793
9521
14775
14558
4868
11562
2537
2899
530
1898
10602
4714
1764
1994
5678
2938
11631
1577
948
12655
5106
13125
5
13995
12198
4305
8085
12997
9955
10516
1692
4957
3135
1784
12600
8106
9960
797
1635
1504
5256
1677
7210
11742
7822
9128
4086
13389
9333
3471
10006
9542
12130
2247
253
12844
4345
4656
2283
6760
1954
1731
10095
6288
5100
9494
10928
13027
10631
8704
5349
9522
5854
4460
10470
8392
5430
10629
3527
12806
11270
9910
7898
12389
10188
6226
13969
10818
2142
9954
11687
10394
4973
9495
61
8397
6331
6358
2721
5775
10056
6048
9629
13587
13774
4503
5894
1133
1506
1508
12374
975
10569
1060
13235
10036
7981
11805
14594
7945
8836
5819
6534
10586
1590
1806
5181
5123
413
4992
5675
572
3816
14435
1240
5182
11821
9621
7678
14044
6389
12892
5152
4706
10105
2954
434
14010
9263
4222
509
14416
11575
14525
2245
9136
4500
7114
12918
3115
7113
1589
14389
931
729
5324
7117
7118
5693
12805
2293
14547
7372
9593
1805
3656
9881
7202
750
4092
2088
9199
968
10073
9581
13962
6096
1948
14575
9875
12682
3553
898
7869
7232
3103
2728
7394
1736
11726
8001
5879
8111
5281
1175
6682
389
3681
5647
840
4209
13739
8032
5071
531
1505
5893
1637
4994
2765
11539
1631
10090
12579
9560
2073
14518
11533
12018
6289
14671
12651
2822
8768
1360
9296
12140
14349
9047
3382
4737
1126
4988
8081
5039
10012
8233
13546
7584
10781
12917
521
6097
8766
9223
5540
5899
1785
9592
3498
2427
10051
10996
14372
14055
1985
1988
2655
6255
7580
12161
3511
13548
381
838
11589
1403
3332
1674
7989
10719
13758
7847
14287
12505
7338
6044
4561
6727
12644
12429
14307
1464
12982
9112
14623
10941
3687
12983
13825
2419
2625
6887
5276
7592
9247
10127
10999
14887
1457
3137
5635
7208
14625
9558
5000
9068
2703
2704
13570
9860
5897
3311
14281
9198
12536
13960
13959
3713
14477
4704
14978
1401
13603
6207
10720
14426
683
2907
1482
3769
5605
8740
7491
7929
8470
9595
6578
2928
365
1117
3946
684
10582
3321
2543
7957
13609
741
2109
3165
2154
3890
4711
2640
14507
2171
4316
816
3389
2755
2459
10815
5413
835
3678
14073
13604
790
6633
727
13411
13983
10628
10236
8607
10449
1930
79
585
5284
1899
8103
11099
9754
12237
5392
5541
9430
8387
12584
9505
7518
9584
10423
8059
7850
5571
890
635
12984
5866
5197
14860
4997
507
11481
14702
10814
7581
12826
7367
3333
7765
1248
9496
2727
11246
5249
3870
3391
5189
5998
1931
5999
5602
2637
4978
10962
4985
3609
1443
68
5692
2999
4492
4126
4972
3318
12098
1906
7857
14050
2040
6181
7425
5111
5406
11261
3948
14259
12558
630
8523
7514
10406
6020
380
11145
822
12222
3878
9313
7865
6069
12801
12667
11150
5278
12159
746
8257
14484
13993
12599
12345
8446
8134
12956
1591
10204
12782
14417
499
5547
5077
3153
53
642
8063
13593
10420
5357
1762
10068
5286
1420
5582
5051
6632
2482
8062
3306
5907
7673
13954
12590
409
2355
5340
2331
12453
13568
1413
13803
9843
607
7517
1176
2408
3801
1491
5750
5929
1174
4328
9023
5875
10184
14056
8234
2817
2176
6000
1836
11001
777
3012
4552
1142
3131
9585
4110
11580
10167
7319
12246
7607
2005
13449
1800
14028
3002
14439
9502
34
2126
5074
14596
14483
3432
1523
13932
13694
6679
14362
65
11666
4607
6738
72
798
5145
1748
3439
7303
12575
2766
7012
3174
4204
1362
5535
12469
9153
7298
13443
8767
5362
5065
11688
5075
6474
831
1777
45
789
13701
8367
10627
14673
5104
10955
8070
11650
11429
9020
13179
2250
2255
1500
8954
13267
9083
4960
9204
2380
12977
1138
13080
1341
2418
1629
8438
10527
13980
4299
8043
6278
3886
12916
12622
4239
14970
12811
260
815
1150
13439
12551
13513
5865
13478
14320
13790
13812
11961
14663
9133
11622
2502
1581
8402
1223
10560
12346
4140
13597
7255
14410
12736
11521
1778
12192
354
10040
13407
13918
4115
11240
75
13008
8444
8051
6311
5117
9075
2612
6123
11105
769
6248
917
5847
382
14605
6251
687
14980
14581
6366
9146
5809
6867
14305
6369
9150
7110
1066
5917
6968
3884
5855
1300
1963
8556
2572
12017
4457
11121
754
3282
2812
13931
5631
12126
274
11966
14850
11528
11529
924
14272
14242
10612
7588
678
4822
13672
6835
4655
5949
7081
6802
6731
10974
4620
7263
8519
4657
6761
1900
1408
11940
2313
7018
13616
2388
4915
4451
792
6990
1675
972
4198
9535
5241
6247
13613
7257
12878
13986
4880
14783
12502
5822
14024
12289
3476
12647
9048
1918
3885
811
2065
8726
7788
2290
7059
7138
7368
4956
12307
10222
13791
1624
13996
13677
3761
4271
6841
4112
11980
12804
11016
4698
12371
5825
9319
1933
14870
3895
1850
2426
7923
6418
4370
14277
2325
7070
2234
12803
7221
8211
10546
13824
3446
7680
1853
1154
6467
2349
5036
13029
7870
3534
12596
4672
7111
12465
916
13890
11416
4506
13657
12191
4149
4768
4943
4983
1055
3430
4833
9255
7937
13098
9143
5782
8969
3660
8196
3752
9986
7601
1552
1267
5766
12820
5426
1489
8314
2991
9105
13612
12096
710
7579
4042
13633
13965
10174
10220
10102
4834
1471
13218
6597
1032
2451
6950
10169
12264
10975
11020
1020
7801
8974
8248
14300
14872
14925
1681
1770
3119
10518
1914
3425
13448
8302
11595
3406
9085
4581
12195
2278
3426
11991
4189
11970
1036
8837
11733
11954
14964
12085
1269
1368
8409
90
5725
9159
13718
8870
2260
11951
14788
3245
9096
4361
14302
14988
14490
9416
12051
2997
6593
11301
2492
11948
14037
12269
4814
8155
1325
2469
4682
4006
7938
14481
6565
8021
12367
4530
3396
9610
10291
11470
1044
14519
7458
8569
14502
3686
12897
1332
4165
11973
12618
14915
11029
2575
9076
15083
3466
3611
3610
1068
11423
14789
11648
11959
4378
11949
2794
12900
5872
6209
7020
9217
6872
4825
9211
6323
11239
2399
9394
280
8195
2304
11947
3461
2510
8319
14282
7178
1613
7889
3891
9152
10654
1908
7084
2268
8719
7900
9064
8076
7258
969
8038
4990
1571
1042
4823
8902
7602
6826
10617
6737
4606
12304
12837
9609
10898
14646
10475
3377
6538
1058
12266
4303
12203
2187
15002
2789
1982
1625
6053
6245
12574
12310
6978
6843
8108
13173
10662
10417
2586
12839
2359
7825
14974
1981
5676
7894
14966
8662
13921
13615
6439
9016
8473
13801
4873
6935
14790
6971
4073
1208
7995
5852
4193
804
2834
6721
8430
2256
5848
5480
4636
11619
11348
6058
878
3136
249
6201
1688
3015
3281
13459
5037
10091
2780
2719
1583
2982
9861
14215
6749
2665
5786
9424
6176
30
4945
4558
13595
2164
2210
2656
2033
11530
14237
8158
13410
13009
1270
2155
13447
1123
6518
10137
6094
14967
4896
10140
2406
1311
4508
3477
6262
11680
1875
1456
4528
5280
8599
7442
12597
1243
12761
2253
1904
6153
8706
8955
14654
14557
8054
11703
11994
6032
961
2390
14198
11092
5834
10799
1998
11652
11220
360
1566
2707
6883
15041
11351
13963
7694
10465
6275
6261
12459
11473
8580
8581
8214
13632
2099
1009
12943
9568
2745
4629
10924
6758
344
217
2925
12207
14805
3011
13477
14062
10046
160
8791
8230
5121
12473
13710
809
5743
11982
13403
6141
6268
935
4091
13432
11996
6893
13592
5271
2708
9949
6698
14737
1661
6953
12945
12944
3680
10651
13970
14781
5390
8239
4456
13823
12088
904
826
1934
9948
13779
4927
47
10103
3010
11769
3008
2536
349
6072
695
13719
2351
11247
2319
15017
470
4625
3141
9503
7182
4676
4545
7177
5549
5035
2158
11880
4564
13033
14776
13489
1572
479
3575
4196
1847
2094
12101
13271
13264
4632
11480
15079
2689
2775
14844
8565
10031
3117
6823
10956
2134
7732
11708
8508
4677
401
542
14823
4776
13345
14896
6803
14726
1218
10505
14438
7571
10191
538
10418
7492
10375
4026
9497
14052
9191
7915
5790
10732
4899
330
4107
6752
4641
8408
2773
3644
11535
14209
12365
6879
984
5366
73
5463
14553
14738
1582
10026
11324
3436
3906
7904
10595
9854
12024
12652
11160
3223
9018
5719
7410
13966
13123
15067
991
7796
1620
4130
2598
3494
11892
14909
11520
14381
2642
9329
2668
8975
13920
9026
10227
7179
10361
14474
13293
4170
4281
12019
8724
4297
2163
10638
14175
4211
2179
10543
7733
10984
8414
3630
10591
5634
13262
13197
8247
10664
10973
8670
292
6290
14736
1380
13135
11174
7908
14926
11062
11515
5292
4815
4171
10943
10690
11534
15068
5932
10240
11249
14889
11691
2379
2597
1793
12265
15078
7658
14784
10626
10378
15071
4228
12205
5808
8488
10391
7785
8933
7180
10512
7121
14697
7145
8982
7046
15066
8718
5828
7565
4168
14212
11865
13213
581
12149
11200
7913
11608
10831
700
7842
1786
5831
6833
10340
13043
10118
1588
1156
6804
130
3791
4777
13185
951
9900
5028
6707
3364
8676
10398
3316
11205
1438
7873
15101
11411
14418
4696
11674
6705
11755
10656
7265
4246
7539
8600
3615
11386
2013
1441
12604
8099
7293
11751
3266
5961
6985
4891
11138
4757
6991
9043
8095
11161
9878
4749
14254
583
13253
12528
7707
7133
3720
13898
8119
2024
7895
10771
11180
4753
4533
2503
2607
11754
6888
8493
8545
4087
1161
3625
4746
11356
4547
1659
7211
8815
14827
6863
621
8603
2378
5853
7031
5878
361
5054
12300
4939
13070
8785
7253
10050
12908
12028
1616
9983
1650
5846
9490
12533
12164
10601
12543
15048
1690
10410
15069
7306
7883
15110
6924
6858
12370
10992
10590
14462
14414
4184
3673
10636
7845
14420
7639
8677
3180
539
5915
7777
13764
3902
4699
8255
5159
6891
10600
8259
2609
15100
15049
2605
10192
7374
982
906
12561
7513
10467
3725
8830
1310
4489
8910
2017
15077
4410
6316
9985
14706
13700
2424
11362
8852
12861
11157
1634
12781
117
7918
2467
1715
13935
4233
3947
8041
10532
2691
4191
10699
10500
10364
4338
2316
7327
7645
4906
8782
9628
5815
7691
1180
6324
8120
10572
1584
4521
10979
9015
11289
8027
5858
7249
14839
2763
2623
8150
12013
10798
10133
13379
15012
6969
1915
2759
11349
4282
10957
10800
10802
9131
11765
14460
6273
6274
8382
5818
12698
4186
1431
13674
11219
15040
6458
6337
13972
14873
993
9534
8725
1776
3580
10526
5799
8320
10645
2081
6583
4356
8073
14322
6733
4325
6272
4298
11690
13314
2298
4238
10362
1392
4597
7139
2420
10293
13248
4327
2977
14279
4194
3993
2110
3475
9297
12186
6340
11815
903
3114
14641
8067
1909
9347
1619
11764
2445
191
11513
11627
10797
1560
1563
2069
3492
1352
3164
7600
8953
8566
10653
2104
2282
1830
7868
9472
9340
11076
5177
9491
740
12084
8088
3648
2548
10661
4332
9716
4470
9079
10551
11075
11837
1642
1768
4294
10782
7073
14771
4566
4401
14273
980
14268
1932
8903
4008
1755
11358
14891
6857
11760
2393
8595
1971
10486
2594
8666
1446
12648
4296
4853
12002
6400
5778
6081
6954
8516
10019
2576
3416
11924
12208
7185
3935
7990
14647
1685
14151
996
2221
7481
11864
514
13967
10426
4576
7690
9253
3841
8050
7049
1536
6766
5314
13162
6709
12023
398
15004
4320
13810
1167
11403
9240
7763
7994
5749
1752
7131
11294
3546
4147
10104
1848
6249
6355
303
13658
4897
8064
10641
13695
6730
6957
10501
11028
2143
12625
8156
981
7798
3538
6557
11571
1242
6505
8362
7655
10506
13295
12656
8440
1386
8212
7317
8999
2409
12933
10613
10487
1366
7135
2279
6463
3883
10786
14286
760
8678
15011
8810
5532
6460
4582
12819
12548
2287
8338
10650
6854
13276
14907
2208
812
14329
11449
3749
12325
2669
4465
5527
4450
14278
10162
8044
8121
4141
11254
12375
13102
8297
12912
10446
9071
10577
8086
11495
6018
10318
1021
1858
14997
10523
13981
7270
10294
1746
12880
8777
6619
7264
965
212
4237
4148
7710
9498
771
3863
12020
10152
2795
10218
1407
698
10953
10413
8098
4372
4438
15085
12842
10117
6751
14652
12158
10308
12210
609
5769
4648
810
3838
15009
4439
4653
6885
1522
3101
6377
5134
10396
2333
11224
1109
5113
14051
6911
9066
10828
7942
13696
4633
2387
2111
4609
2348
5874
3833
2272
13997
5898
12937
209
7608
2103
6995
14013
779
14914
8092
13600
6762
7488
11193
12279
6154
1364
1497
10210
10674
9117
6298
1217
11226
10958
849
7225
14645
12660
6260
7153
11818
247
6438
6401
10766
6620
15089
4160
548
8033
4251
10583
14437
860
13990
14972
11402
12721
9144
10142
1972
7297
6485
8737
6755
4210
13678
1097
10207
6321
10637
11590
5317
10902
5116
10965
5794
579
10791
825
49
7352
7148
12595
10129
6571
11298
997
6734
8692
11216
10440
12714
13193
4604
11541
9488
7778
4866
2106
195
7311
7797
10789
10322
2477
9100
10478
13975
4627
12281
13105
14911
4218
13156
7061
9627
4442
1439
1687
7469
667
6509
3054
6046
2737
13334
12358
4485
12542
1902
10130
4523
6839
10402
6414
4509
7726
4621
5985
14539
8601
10885
1648
14913
920
14653
12825
829
9145
11586
13279
7969
14838
10611
6834
11572
12344
2391
14809
9598
915
13994
13549
14910
2322
13795
9222
7650
6840
293
3502
12895
1829
4185
4440
4448
6636
14244
10675
2814
13752
4270
998
13399
7184
6465
11828
10360
2235
213
5820
5783
4215
4881
10519
13391
11164
14731
14494
10884
1686
10311
1330
8682
7483
10555
6736
8243
4574
8680
7064
7609
13602
6702
6322
12643
844
6200
11116
4526
11284
6899
1781
1678
4623
4570
6437
11803
13259
4579
204
7480
5633
12175
8116
2263
8748
6865
13745
5770
7867
2574
7079
2130
5950
1452
4948
1949
4902
8078
4646
6478
13751
772
1799
979
12056
11428
8621
5768
11472
12876
14161
7261
11577
4155
13675
7347
8197
4670
4631
13110
2276
13190
7728
12955
6296
4671
8333
13989
10387
14032
5765
1787
10929
8179
2784
4102
3441
14981
4883
7273
4354
12471
8391
1586
4214
5781
7838
9103
7141
246
11579
918
13583
13121
8530
11963
13640
4441
207
10401
10925
4666
4220
14014
2456
922
8065
13886
2786
12046
8293
163
1841
2113
4490
8204
1326
3980
6864
11023
10230
7259
824
10954
2437
12290
11786
10765
14164
8593
9876
3627
11024
6228
12722
8079
12843
223
4934
10680
11526
2756
12244
6455
3899
4643
15080
10450
10575
15034
1252
7363
12277
537
4243
8571
3842
13174
10181
7156
4573
11366
14871
8005
1844
7966
6546
2473
14163
2320
6406
770
1683
6240
13711
9022
12740
7214
7140
6199
6237
12081
1136
11509
3732
15032
1510
10578
12160
11295
9090
2782
10725
14482
320
9148
8040
7686
1975
795
364
2082
1348
10197
11578
2760
12512
9055
10459
8384
7789
8077
11830
10712
4504
6925
4908
4590
15090
6442
8066
1920
5787
11610
14762
7209
8684
13283
6446
15030
14959
7044
7902
13426
10556
9053
8443
8779
10701
1976
7489
10568
14957
11367
8923
15015
6728
4624
14810
9082
4479
9168
13776
8518
2417
830
9149
4307
2057
4452
272
4649
9014
14719
15036
14851
8186
7196
201
4665
5876
2105
13099
2454
7689
756
10812
1679
7743
4461
3809
10146
397
3479
7065
11644
11956
4324
4901
6855
2352
11995
1356
2340
4263
9353
9002
13299
8031
3402
4904
12845
14635
4663
6735
1373
11992
959
10156
10128
11253
2284
15088
3404
1846
14689
14774
1043
7917
10365
1535
8552
10116
1334
1299
10683
4437
7570
4161
7067
12834
10201
14772
12472
4851
11857
3003
2289
2753
4844
1233
1122
12221
11196
10489
5908
6216
7656
14757
8589
4661
7102
4664
5393
10155
9021
7216
2988
6242
4010
11486
4190
13979
9169
9337
13365
9113
12546
10473
2160
9102
14732
13725
11977
3949
9177
5355
11312
14513
3478
5353
5091
6243
13661
7194
6906
8241
11323
11297
14977
10429
1779
14544
8018
2114
13915
15006
3431
5806
4443
8412
10430
11843
1226
4886
4478
1815
14228
6559
4268
14770
295
9195
291
6291
10145
3755
11090
13089
4575
12662
3548
6332
4069
3717
4591
8594
7159
10247
8644
5534
6229
6720
1501
14398
5252
1071
1890
3822
3458
8089
2652
4845
2115
11176
1333
14034
1996
1374
5859
6757
4651
8743
10209
363
7090
13566
9326
6756
3805
14730
2233
315
4226
3802
12717
9194
8472
14971
4811
14760
12050
11195
12481
859
8515
4449
7066
6795
696
8588
14927
14321
6424
7132
7772
5090
7774
9219
7127
14928
12827
6874
13950
841
15082
14261
11817
10488
12493
11422
8242
2987
14270
251
7762
3506
12519
2866
12466
5801
3419
2309
14703
12695
7704
1857
5262
13277
7193
13380
4849
2300
11398
7891
7326
1088
11984
7479
1229
8436
13091
11962
14060
14296
12200
7925
14534
933
3694
13212
5662
14066
14319
4103
12850
6873
5840
3901
3900
10821
15028
7754
6348
6595
5948
11968
907
13311
9155
3808
10750
10233
9087
647
7459
194
1067
2392
12730
5180
5343
13090
2930
8868
6224
13303
14802
2468
8315
7800
9092
2651
3722
12220
4932
10332
9197
14855
5477
10853
854
10855
8668
12049
8058
5175
12770
10536
4862
1516
1919
13877
282
10584
6592
12369
14868
9328
316
215
6741
9107
10001
4116
4898
9251
14900
9291
9245
9285
309
8143
2998
321
14875
9250
4612
6598
12494
14917
3736
2064
12749
7692
4005
4334
4348
8218
208
10735
5199
10380
8188
2116
7731
198
9407
210
14854
7574
11478
10914
6605
1349
2591
13326
10234
197
3414
1772
10232
6205
10303
1211
8862
8652
11706
11079
10408
15019
13714
3039
2475
8660
6901
13327
10010
731
4236
5436
1525
12288
12744
1747
2180
14220
12865
12165
9335
7568
10744
4865
11692
476
709
2762
6212
5342
4548
1496
1775
8981
8912
4359
4587
6281
3847
13297
8334
6732
4592
2596
3744
14758
4571
5040
13298
11781
11230
8913
8851
9538
1611
7144
10868
13662
11074
13069
2338
10614
4977
12552
13460
13312
12621
7042
10237
12563
7011
4667
3921
14102
3577
8816
7099
6859
8688
13461
718
14203
7963
6889
4634
14661
14943
6001
12127
7502
7543
5992
5780
7638
14425
4838
4729
12857
1105
1213
15076
6399
9000
3124
10759
2046
10685
1295
11936
10405
13462
11329
2389
13354
9227
3920
4230
10521
10574
9065
6964
10676
10652
2217
10120
4060
12677
9945
10571
7744
7688
6808
10633
12253
7974
4769
1286
1653
9226
11862
6937
7566
6796
2585
13165
11965
1358
4747
4799
5658
4537
8503
10533
3123
5814
10351
12640
4837
7505
12124
11421
11745
6832
368
11504
7795
8325
3509
8876
12485
1741
403
2790
5612
10547
11795
9896
1893
13355
11929
7831
11381
3727
2579
12496
7051
11462
3662
4780
12187
12295
1773
4750
10542
14234
9283
6252
2736
7723
6729
4980
7008
2189
6354
9206
4618
12276
4605
4464
5976
3827
6489
12396
4638
6294
10491
6264
633
3828
7163
14204
14202
11493
7093
12424
10178
6746
7903
9302
11320
9357
1212
6395
8820
11490
6910
13163
424
9359
2476
6210
9512
5966
4596
15044
2421
7281
4137
11771
8251
6946
8463
10850
15043
11280
4015
6704
3041
4697
7567
7495
6775
2224
14104
2216
6691
11746
12447
14077
14099
12734
11089
14549
9691
4778
2580
866
6820
10646
8117
4702
12182
6861
4949
833
7053
14182
1903
8434
8549
6805
7561
9600
1710
5683
7905
2859
10063
9377
4792
2807
7058
13842
2853
3724
9294
9977
13040
9193
9132
2971
9757
9431
11437
5506
12841
9663
5522
1284
12446
2448
1108
216
6601
11913
6244
2447
7282
4267
4999
7695
10052
2561
2557
5663
14656
9802
2886
15038
8628
5732
1125
9951
5150
8049
10097
6306
13938
4790
5026
12541
12255
7718
4740
10946
9398
2172
8592
2010
12555
12111
12556
1379
2119
7318
2990
13647
7635
4603
1283
2093
2196
4323
1810
8101
218
3811
2206
3846
1580
13844
14841
13413
4118
8010
2091
2781
8006
8029
10642
9095
12849
2080
2086
3448
12877
14271
1999
8030
4562
11757
15029
6472
6282
2726
4275
2262
6114
6098
5440
8425
14441
10895
4407
14274
12311
11061
11787
13804
9349
13937
9552
5835
1917
10242
7804
8504
4658
834
10132
11894
8131
5991
7276
12527
7277
3835
8056
6753
14465
6844
13294
4685
13202
8146
9623
12041
4187
4644
6318
10698
4763
13087
11950
6381
8804
3859
8645
10663
1864
4589
2257
8948
5989
15061
8442
11463
6717
14831
7840
8819
10640
2702
6715
4335
11078
1771
3658
9873
5038
7930
4593
12157
13119
13246
10109
1140
11693
6930
14924
12306
14975
6336
2311
1245
4933
4402
2653
1363
7001
4277
14792
7275
206
11055
12835
4639
10287
14688
1978
6521
4572
8869
9151
7612
9091
7299
4539
7192
11788
7094
8145
12862
10510
3723
5157
12553
12554
8253
7017
10857
2265
14247
2488
4188
7835
88
4276
7815
10334
10497
203
7050
1769
10711
12868
13044
6999
1579
913
9883
7186
11875
8502
9114
2725
11598
4279
4628
10250
14987
10981
7853
4890
6459
3731
7649
9517
10299
12523
2578
4358
11625
13301
13466
6739
7582
12572
7775
7360
4379
10960
8650
13292
14667
4601
2716
13397
10190
4518
4577
3593
4559
13376
10100
12153
5483
6236
7176
10000
10437
7832
13111
9898
12423
12848
14893
4280
3635
10570
7043
14822
12873
10213
2170
4166
14939
11171
1387
11058
6221
9342
12224
10369
12633
5752
1365
3875
1568
8354
8400
12875
2633
7973
13773
10319
14933
2494
14583
8431
1405
3893
6219
10326
7150
5586
2450
9232
2565
8734
5558
9449
2174
7204
1202
10893
9688
12341
6816
4803
5842
5062
4789
7465
6818
6810
9796
3619
8457
6623
9772
3844
3210
4805
6782
7399
1640
12571
15092
1121
14186
7746
14103
5365
8908
14979
2679
2147
8966
10776
5913
5485
12330
11682
708
333
6617
2613
707
3422
6303
4157
8007
9389
9682
11844
9660
10865
2549
9693
8193
12251
10171
11435
5703
2681
9662
6848
2169
9370
5592
3655
12252
10847
4380
8223
3352
11365
9460
7886
3923
15001
2592
8655
15065
10049
9596
496
5856
8983
9395
8824
7808
2167
4688
7359
12440
2125
7313
3917
14217
10004
6220
12632
14843
9003
928
8090
11409
2135
4180
10995
9597
10763
14999
7696
11783
5251
8985
11293
12250
11930
6164
11477
3605
9417
9730
7761
1664
9475
3361
3228
4829
506
5423
14684
13865
7199
5863
11649
4517
11804
15072
4351
14177
2562
6552
2054
51
6711
9241
6223
8418
4353
13136
1842
2678
5968
493
6222
13194
5490
2734
13639
3984
3027
6800
2131
14658
6984
8252
2149
2515
8736
13052
2032
12671
2144
13053
10199
8937
1705
12780
3978
12686
10078
10436
4795
4493
6846
334
10416
1645
4036
8136
228
10558
4368
10186
6276
3007
13138
1440
11163
11903
12867
2581
12564
10154
850
14698
10494
524
7048
12433
656
10502
2815
10630
7572
10498
2667
14704
13367
3415
14092
4810
12946
15027
13258
15103
938
4400
8004
14397
8395
8152
950
7776
12626
14720
9336
7535
1880
12422
11732
10530
6904
14511
485
8657
14504
6860
7439
12641
895
13051
8449
9033
3116
2595
4801
367
7907
5906
1644
11958
14498
1102
5529
3480
15084
2600
3418
13424
13811
625
10496
1460
1369
440
8832
10175
11747
7107
6206
7986
4302
12864
7755
12511
8996
4540
12829
9511
9615
7722
1556
723
9418
2501
8492
14200
4710
10513
7681
4700
9867
9366
14135
2186
2183
10634
8783
717
1004
10635
2851
10598
5580
10477
13039
2052
14542
4857
1665
6570
10223
3679
10621
13148
7292
10411
1564
9892
10453
11104
775
4346
12426
1595
11188
4349
2646
5295
1274
4463
14199
10448
7956
2677
12889
12581
13191
6960
4304
2226
10136
7146
655
10731
4381
10447
10726
10545
7964
5867
2960
10415
11382
7452
7549
1941
11845
10945
14541
3516
423
12217
4735
3620
4309
4701
10580
11859
1119
9317
7384
12183
7751
13464
10059
11607
5636
10887
11286
1214
7427
7708
10251
724
597
1037
2188
3756
9052
1570
4258
1469
13941
2599
7781
4783
11807
10889
5652
7108
711
8356
14059
2051
8547
6987
2645
4283
10317
10729
12902
5282
5385
12822
1751
4784
7386
14174
10061
2757
11488
10839
3639
2047
9654
10503
4736
9880
3554
8829
2560
4058
5030
7197
10058
3889
498
9378
12816
54
1171
13168
5154
15070
14503
4981
2092
11347
2856
12763
7758
11969
4365
934
3642
7700
14276
6963
2799
7519
2400
8386
2205
9242
7550
7428
9364
7409
7440
8216
13181
1327
12218
3733
4754
3979
13940
6806
9262
4483
13320
5864
7632
2583
14221
10388
2862
10173
13522
1106
8399
12990
6507
11872
11218
6905
6868
11147
14148
7245
12854
9266
10338
8555
13005
8721
11916
3774
427
7699
11136
11923
7035
13508
13015
8575
8854
7412
7935
6692
11784
4266
9656
7240
7463
3778
1266
10463
12514
1321
1335
7745
6191
665
4052
12114
8957
12267
7709
11656
5379
8867
14180
12515
14950
3940
1291
14196
12610
8277
4421
10493
4950
11419
12593
13533
8020
7287
14629
8284
9171
5624
13300
6915
7267
8167
6473
13200
9129
5144
1244
4318
564
874
2892
5346
8619
4078
6051
4953
2202
10479
13750
11766
6650
3300
12524
9307
3167
11863
10185
10462
4301
9829
5620
4404
14192
6089
2890
6813
9277
5561
2914
10468
737
8675
1869
7446
8292
13579
12513
3250
1916
2687
6371
5493
11380
11208
12069
7522
9278
10067
10856
5417
5510
5118
10431
14100
3356
5651
13755
5153
13624
9202
10341
1151
12392
11867
6648
3183
9931
222
14579
2035
10456
10581
161
5615
5289
1025
9049
2028
10673
13229
10422
2992
36
8968
2946
1040
2083
3050
5674
1445
14386
5437
7679
6977
4765
3270
13723
8877
10276
8605
9669
302
11040
3325
6100
6527
11455
13117
5223
7467
5505
11722
10261
4991
224
6917
8613
9327
9827
784
13066
2671
14266
1096
271
13827
10841
13851
9531
1825
1421
9238
12613
10395
11155
12014
13274
14904
8597
1315
6992
4424
11082
5851
435
7349
7946
415
2717
1429
13078
3955
10166
11424
14897
4374
24
1100
12107
9478
8228
12767
6167
12858
9794
11499
3464
12847
10144
12679
448
3420
14464
10966
1743
3428
8567
7970
12609
10743
5172
8646
6054
14556
9230
10212
11549
7014
13652
10472
10742
7027
5011
1493
112
477
10668
80
6673
10266
14714
14467
549
11052
8729
12941
500
7321
8185
9184
3237
869
10455
14253
14715
9362
9466
7965
2538
4375
8200
7364
10307
13903
10088
9766
13902
1897
81
8770
9365
5420
492
4459
11898
528
2939
3806
13230
14683
3803
11186
13864
6233
9286
1704
12480
5239
13201
11522
1929
6071
11373
13207
9236
96
14572
13687
5760
7243
10028
14618
6091
14963
13199
11500
10217
11088
3703
5638
4432
10290
5013
8353
9295
5776
11563
4419
11926
3212
6640
11086
10804
7385
15106
7826
3631
12534
6150
11896
6057
7348
11658
6626
1294
4428
8531
2361
9928
10335
2985
11355
6302
2509
10264
10460
13342
14660
10986
13014
14936
8276
12611
5017
2014
8407
3154
2018
6481
306
9282
14576
13242
3238
10346
9463
9369
7950
14905
343
5368
13866
7074
6284
451
10860
3892
13524
11866
546
14020
3030
4516
11334
3151
536
13395
735
4199
8771
1824
4427
2855
12731
3636
10258
10681
2911
12501
10780
4955
6634
11569
6177
1876
3594
10163
3595
8268
10066
9123
14712
8775
9667
3226
1402
3641
14000
7438
1877
6625
12738
6152
13047
5827
9190
733
281
13686
13206
2878
221
7379
3236
3323
48
7152
4074
11635
13684
3967
7269
1826
3864
8345
13952
8773
7403
4954
15055
8322

774458 7556
1
13732
3004
9995
12789
1422
12416
10094
13422
13456
2269
8390
12775
5001
6129
8246
1079
11502
3706
5313
2362
6113
14514
4909
13536
3540
2839
313
2854
511
14780
3787
1012
14139
732
738
1018
14735
13720
13841
11797
4842
1423
346
9225
20
5461
12378
14194
1424
14019
9553
7122
7398
3240
3743
9823
8372
13114
10767
5963
11045
6941
6003
2994
1524
11603
2804
6419
2803
1152
164
12211
13205
9938
575
167
658
6148
2844
13476
1182
8623
14004
11686
475
4860
9808
13532
3139
11337
8916
13514
9734
10779
7547
3138
15105
5247
10281
5839
3188
7756
12483
10285
10991
3189
8542
11043
4420
4684
3704
9619
13499
9658
6926
14250
14290
10357
2374
214
103
6560
14145
13813
7029
14586
7711
12072
10933
7037
8019
3654
990
8224
3227
55
6630
462
4690
12726
8926
10343
6146
1232
13007
465
8669
8254
12170
5407
7036
2569
7685
4040
11448
14157
8702
14444
14863
14554
3771
13208
9205
626
11899
5707
12846
9137
3178
1261
6537
6441
13836
3348
6450
11013
2829
1231
9915
8906
1297
7290
10718
12739
3063
481
11671
8609
14564
5462
783
9699
2495
13744
9434
6430
12136
9761
2630
1454
1265
12387
8880
13858
13874
13708
2533
12093
2327
9793
13753
3261
9446
1987
11430
9602
11907
5666
3518
8026
3209
5617
12147
7155
1603
13928
6814
4796
11034
2520
8351
289
15097
853
14601
6774
4694
6344
11283
7353
1819
7477
4033
6898
13908
11852
1209
7069
14451
10871
11060
9616
5714
5716
10226
13132
5513
11464
5552
8624
9644
7380
10693
12750
10849
9812
9279
3572
9454
1599
6283
3394
11330
11452
7106
3601
9972
12966
3367
5665
6496
11640
11873
5319
3953
4923
6137
12145
3427
6136
14592
7958
14001
12287
3190
3515
5685
13868
3105
14095
3618
9035
3608
7351
9314
2366
3592
13767
582
5523
2242
1382
6787
9248
852
13214
3035
14031
298
8497
4847
10609
7555
1210
11412
6134
10075
1867
13766
8685
8755
5771
9934
2551
7531
9819
1304
14154
7354
8355
8935
7812
11727
9218
11190
2787
12532
300
5689
9256
10878
11558
7166
657
8191
10751
8839
355
9914
2480
14476
13893
9937
10328
12167
1839
6574
3206
5291
3848
768
14457
8344
8375
3298
15096
9036
13814
9004
5389
3203
10835
62
12104
11931
7888
12518
9005
9007
11912
14517
5326
5269
5664
11315
2840
13837
15108
9275
1241
9856
9012
5255
4919
9924
679
13497
594
9882
9008
3258
2864
14142
3090
9821
7606
13502
3539
5311
9573
7528
9011
6661
3996
13885
1137
7916
3265
1461
3699
11483
12312
9778
13596
2841
6111
8826
9916
9888
9252
6603
9484
10279
6185
3045
6342
6932
10922
10275
13947
14137
6444
12909
2926
7862
7623
5728
11404
957
6895
9926
3326
6897
13929
11267
3541
1430
2058
14395
11018
5027
2903
11561
13637
219
1426
3671
6777
4724
3674
14138
12132
7859
4044
10288
9706
13793
5072
3589
1821
13409
7075
14903
12971
7247
12771
9665
8349
6896
1753
4341
4390
2432
14938
5525
5524
3262
6413
6293
14716
6135
7365
6103
4229
3289
7633
10705
1273
12337
3626
4181
10679
2413
3379
11098
370
8100
12540
5211
11741
2266
5641
11442
8881
7651
10316
11135
2146
13856
12681
5476
14316
11657
3962
12012
11819
5396
7621
13348
12756
6363
10070
10071
5730
10867
12216
10734
13100
1308
2631
9630
10907
882
4135
43
2212
8377
9870
1718
2422
10754
8428
2097
11855
10874
3501
11724
12420
870
2481
12601
10707
13857
13485
9739
9420
186
9744
3915
9702
8891
14603
9401
8716
12673
14797
12347
14700
4911
2888
3562
1574
7980
1084
127
3599
3911
1196
888
3830
12016
13482
6927
3766
2275
13437
14141
2654
5610
14611
2688
3017
3690
2558
8759
5677
5108
3207
2545
3320
6577
13800
3670
6102
12774
3914
128
11114
1285
6666
8789
8340
9932
3912
8944
881
9360
9846
11543
4024
14835
11438
6493
11127
5285
10920
3025
5823
5360
7959
7553
4855
5237
14479
1871
5497
5935
7476
8511
6427
7928
12144
6246
7538
719
6693
6060
10089
12359
5952
13505
12360
9773
8633
2462
705
11840
883
5339
6688
9704
5431
1863
5007
4505
9405
1721
9713
14402
12486
1986
1513
10997
14165
4286
7527
9469
1928
13797
5661
5960
5684
6784
6168
7936
10769
5003
297
14832
949
11166
6425
6882
13237
8541
9635
9355
12112
706
7564
12448
9451
2527
12449
12155
9720
5222
7844
5263
2529
6627
8174
11173
9982
952
10764
14793
2461
11236
11799
3944
3998
8465
11573
13204
5903
11066
8934
319
10349
1030
1921
10770
1001
8712
11889
408
13796
9411
6877
5969
7497
5888
4231
1667
5220
7860
10262
8850
7631
9555
2636
6064
691
13585
1268
6431
6573
10476
8130
6409
2258
14391
9537
7792
11552
10165
489
10852
10916
9467
9833
7557
2514
14087
12886
14230
7877
10971
14150
2632
1578
9842
9375
2296
10219
1728
550
9666
8222
2458
11005
3217
7780
6697
12684
11050
8172
7512
1866
14408
3086
12247
2346
2629
12882
2889
11942
5459
13909
12470
11556
8202
1668
12545
2031
13833
11809
1537
9817
12635
9874
2783
9703
9400
9588
13273
6011
631
229
3450
5687
6378
3798
3652
9098
13749
4970
10348
693
10249
1198
14210
15063
12557
11554
14759
13636
10150
6326
3182
1868
12060
12576
3324
9639
6764
9358
12439
15060
8750
12286
5008
13414
11605
14710
12974
3198
12539
412
13906
3908
9637
9356
391
466
5980
9864
3907
3968
11395
1247
14119
8890
11405
2706
7501
4551
4007
7434
1756
4910
5133
11352
4938
14566
12154
13830
13867
13984
13313
9402
9707
7984
11601
6499
11551
5628
6471
5022
3994
14614
9650
9368
6516
2425
3970
2698
9845
12135
12959
8616
2486
8967
5721
15024
14225
9674
9383
13530
12602
2337
5958
3832
2129
6006
14133
2619
11676
7534
4937
1733
12743
2191
11659
744
7444
239
5363
5069
4260
9051
3211
9551
4139
4743
5320
11434
1411
8797
773
12636
14628
12364
2849
8732
13655
9577
9694
3080
12315
7187
8238
8235
8300
3672
5511
11379
4225
12285
10607
5370
9444
3385
14091
7260
428
3669
14693
2743
7828
7896
3199
9529
178
3943
4969
9525
478
8011
8175
7278
7806
12866
469
5579
7175
4111
12441
8198
2978
6182
6080
12675
5381
1814
12215
11305
3351
3814
5084
10471
1729
5601
9679
551
2070
5573
9894
9406
1260
9715
14701
1276
14392
14283
5190
3596
7063
3277
8404
14998
9988
9740
10872
3532
2979
11332
2020
10239
3366
9306
1727
11353
13834
5227
9373
2336
2953
1528
7295
6022
7213
9815
9457
1957
9723
2641
12249
9468
10746
12903
3568
174
11143
12668
10557
2808
5142
13551
9403
10747
2497
5112
14733
11354
9671
1112
13802
14578
5702
14211
14412
8482
5204
8900
8321
8812
1585
4100
8562
256
5380
6576
5404
13936
4106
12042
9041
1128
9834
6140
5333
8711
3473
12214
3927
3057
8749
2460
6508
3074
11281
8992
8707
9271
7406
3729
2416
8341
3155
11514
12674
1754
14528
9526
13817
14931
9323
9440
3445
12793
9527
5751
9785
5373
10464
12603
5460
5043
108
2749
12799
960
7426
11314
1646
6338
4982
6920
14532
1127
14340
14585
3999
12184
13870
10944
14356
3118
9779
8467
9273
6007
6169
13839
3062
2690
8745
13913
1113
14932
12707
14306
2744
9678
6059
9384
3129
7811
5920
2525
513
4875
1275
14015
11928
2867
6847
6494
2634
154
1039
8814
11725
2029
5009
7962
9748
9426
3530
9077
6024
6388
6025
4
3044
10785
1093
9681
8626
3235
5489
6974
11306
9464
9826
1145
10404
7972
6065
1011
8232
2957
8574
3169
11440
1492
9893
8970
1874
5919
10972
5299
659
13049
11768
6590
9913
5301
13775
3127
13919
1922
8170
5682
1292
4134
11410
3556
10756
6536
7142
5203
5758
7783
6528
662
6958
7167
12074
12960
3291
12690
9831
604
3739
14075
13567
9097
11854
13847
4158
3216
9428
6085
576
12284
1671
11433
13683
1134
8480
7926
14115
14134
14128
11895
1655
12457
7706
2969
4477
12409
5444
8642
1287
12348
588
356
12658
1691
618
1206
2344
4146
7961
3785
12639
7971
14377
5565
4117
3483
2068
10912
7734
6063
7498
4830
8817
4000
5937
341
6653
12582
9305
14530
377
6695
11257
187
12079
7560
5448
4467
3664
5993
4712
651
13999
7552
11801
4466
1701
9367
6658
9648
12119
6900
9175
8017
602
5214
5215
3051
11697
5830
13493
10272
12942
13706
8310
2517
2693
6602
8485
13211
9781
8673
7288
3342
2053
2884
14752
3578
8260
9675
13498
7508
5470
14003
9161
12653
7095
8142
12863
9233
1118
5745
1515
1157
4713
12792
14256
3341
5198
2836
5019
3757
14136
13122
3779
463
8527
12478
1838
13958
5681
4310
10935
14009
1974
3301
758
2036
4413
8949
8501
620
13879
15020
278
11986
4709
245
4809
1601
6189
5779
8299
11806
8410
11128
5930
14421
13233
6773
4693
5931
8471
13553
9736
6975
4388
1520
4269
8844
3454
9670
9380
9981
7472
6404
3533
8866
14039
5491
12190
5723
337
10911
6362
2237
3006
877
6027
11396
9433
4046
6683
1723
5248
9304
4687
1288
5901
1689
14070
13036
3481
6055
14616
6672
14801
1700
1719
7628
1164
1272
6382
7128
5577
3550
1110
7162
11413
12178
2508
2996
8139
14842
7677
11184
11975
1264
13141
13415
12728
2038
11617
3661
11241
11446
8308
402
6651
5803
1573
4025
3691
2522
447
13799
7848
664
1065
8433
13861
14074
3309
8422
6530
10260
13731
12335
3278
14487
3976
2617
4800
5596
7666
4681
2913
7235
13770
6514
2535
12380
5384
14952
5983
7662
5881
2618
1194
1970
12890
3005
2471
11723
14239
13316
3410
3617
1887
11698
11884
4695
14183
11093
12491
2178
9050
14496
4716
2303
2546
1063
5451
3482
14830
5982
4364
13698
5464
10292
13589
9852
3638
2611
7619
653
14676
4913
13855
3346
11420
13128
6701
14880
8794
6351
11906
6341
11491
8368
7503
13942
12993
3517
12123
11834
14613
12189
12687
12138
624
8415
786
6124
1730
3433
14304
9447
12076
8663
8635
11822
8640
445
12891
11882
3560
12273
5860
6811
1812
13374
13798
5589
4858
2139
8540
13891
13892
11103
5495
12765
13808
8401
14027
12109
2883
11265
4014
5382
15016
11359
14468
2410
13558
14113
12588
3941
9879
14692
10086
1734
7087
15039
4065
1855
14951
9037
3157
348
2472
3520
6852
6391
6392
457
9718
13506
9901
3716
6390
6394
13537
9835
5598
3616
1280
2963
4061
10443
2857
2986
7241
10225
3819
2547
5754
9620
12504
6575
8805
11779
3960
1587
2077
14257
1080
14463
10717
6023
2012
13013
3221
8448
3531
5225
12476
9576
10044
12795
8447
9818
13490
14767
5575
5890
11167
14819
11456
4705
4679
12972
612
5447
484
5696
8461
14746
10589
10952
1188
14694
11107
9735
3022
3092
964
13590
7719
5418
13157
6871
4522
2962
10985
10273
7624
12871
900
11308
14937
2540
12567
942
13765
3386
5020
11192
8602
4173
4175
12398
12872
3043
8327
11134
5918
5367
3986
13707
14369
11773
7829
2976
13281
4339
11069
12134
5376
10442
6346
7834
13479
577
14173
83
2156
2616
11170
11384
2912
12283
4824
8513
10752
13160
13370
11632
2955
6492
552
8352
12755
11750
11476
5657
13787
3447
5562
11887
1183
8476
13832
7405
12689
11793
5637
1702
3252
12570
11792
10738
14422
10445
1651
1843
4382
1956
14168
5587
13617
5140
1404
3042
2209
9848
11933
4119
242
9312
3640
11847
13645
5653
238
1289
2983
4819
9809
8245
11832
2532
11233
7226
12102
2868
14400
2523
129
994
1081
13668
12559
277
11343
12694
13528
9797
13006
3508
3176
3272
11911
2124
4013
8976
4409
5499
5812
10243
3143
12062
4892
14041
12193
13390
3759
10270
9605
3268
3760
3867
9125
6147
8747
3028
6077
11374
10819
4962
11183
8831
13948
385
12938
1312
429
2697
8291
1485
14682
10043
3075
151
6660
11130
2945
13943
14570
9429
1973
7846
8691
886
6188
13582
5947
9482
13673
4766
6794
13417
2898
8287
13690
9259
1078
5995
759
9967
10083
2230
3826
13357
13465
9397
3988
10454
13740
1892
9917
8364
6607
8445
13038
13480
14427
6422
3607
5094
7603
6812
2601
4791
8874
6190
5861
4785
9745
5501
11999
6809
5487
12788
6979
14806
10283
2897
8873
11848
2102
14399
15051
7642
11714
14
2211
6234
10515
9039
14376
2117
11752
4433
8739
13170
3637
14387
11124
8495
10760
5788
2776
5559
1959
13129
8994
11154
4761
6258
6257
7280
9156
4329
7909
4434
10469
13054
2695
2692
5029
7593
7147
2182
6256
2718
10624
11802
4531
7314
4045
5023
12592
13226
10606
8661
7875
14179
10740
1740
6443
10305
11276
2751
11850
7657
13243
13349
8579
8632
4050
9436
11229
3597
14407
12607
4244
2635
13337
14189
8483
12379
14899
14255
515
8921
2145
13064
2723
10112
3579
7334
14043
7453
7644
14986
6822
4284
7924
9918
10392
10368
2207
8720
2016
4414
10667
15054
11731
12320
4291
1357
4264
13467
5656
2571
3939
3925
8653
11313
10989
2364
6547
4942
7101
12082
3958
4816
2768
10329
1483
11932
9897
9710
2989
4085
2870
13209
10452
10062
1384
11485
14423
5345
13362
3451
5753
2603
9722
12115
6646
8278
11201
14859
558
13361
8950
1639
8398
3489
13982
14090
6647
12328
12522
6127
7266
6543
6482
13270
10492
4425
12113
10143
6644
14569
10990
7205
3220
3718
3793
14450
8648
7684
13875
7023
441
11749
5777
13171
5700
13172
12263
11990
10810
10809
3905
13336
13542
8231
7697
10772
50
8841
586
12445
10755
7382
14301
3254
14722
8258
1711
5486
4929
11945
11730
418
7055
14275
9322
4827
3429
3076
909
495
11418
11870
14295
11322
12904
7737
715
9661
12617
11206
10367
10179
13863
7667
2975
12027
10983
10773
11151
14499
6166
5659
14742
9376
2223
2220
12382
14461
14178
7404
14491
11785
488
7546
1101
932
4839
14012
3125
8250
9789
11670
13944
11791
2615
5472
13019
11964
14449
9265
3412
14765
3952
5614
7542
8229
11110
9415
15045
374
1371
5049
10259
2566
5300
9209
2090
3711
11612
13726
2624
9788
8634
9443
7874
3584
10876
7664
10376
14828
1470
4840
1593
7702
11681
5800
1698
3411
11957
7448
3368
1399
11030
2225
8654
10134
11774
421
2563
1448
1003
4474
8774
4843
5704
3257
5482
11091
8649
304
6947
3602
3251
13018
910
12137
5916
10896
5155
12676
13859
7136
2959
5706
2213
436
11479
8591
14982
7006
12219
11122
9608
6988
6944
7714
12108
10202
12529
14984
7490
5221
15064
13016
1406
3255
7400
283
4038
116
13255
15074
9540
14042
4241
2184
4265
1120
8113
11123
422
3109
5623
9685
10727
8964
10009
12986
11132
9396
3633
3612
5946
13056
2850
8977
2165
12309
7641
4689
5709
6980
7637
10660
10534
8936
7880
11
15073
2811
1436
10419
7643
8611
14249
14363
13061
4808
8658
6588
12025
3858
12497
6542
4200
8154
14289
8118
2254
11826
1466
8453
2699
7231
2045
9045
14867
986
9524
8074
4818
5764
13142
3423
7229
3683
2107
9054
4331
2593
4520
4678
4162
3360
752
1895
622
3559
10514
9046
4476
3780
983
3297
3571
13296
5173
7595
4064
14985
14571
14489
9536
2961
8656
7599
14929
10379
4300
10438
5584
11858
4797
294
2771
14501
7910
9539
10457
13743
6305
5572
10114
11383
1656
3913
14741
3171
8801
3408
14829
2204
6916
2049
11900
14083
13074
5824
8114
14508
7223
9192
13377
9530
2347
15052
8958
4290
7451
8396
5018
5816
9371
10388
2583
7632
427
3774
11916
2185
4274
3121
2181
6779
1789
10880
7809
7537
9080
8939
3764
6352
1852
11915
9258
5217
9708
2856
11347
2092
14522
13654
3742
10897
15104
11886
2214
9784
8799
11816
14303
9421
13198
12616
8864
8863
8865
9999
5352
11177
5862
4059
9899
9334
9480
8102
3256
13563
7705
8622
4826
14837
10350
7810
6343
11187
5158
8828
9390
1628
6504
14764
13166
6315
9456
7432
6225
7000
4208
2662
305
7431
3784
4257
2806
13850
9477
7414
2098
10843
3409
7408
5841
9732
5479
1103
7757
12568
7262
7892
9419
10891
4169
14093
10932
9844
14995
2966
237
7045
4242
13068
8756
7920
11290
7137
8550
8914
10827
13359
14906
2732
10980
10538
512
10537
3424
8008
1092
10689
5570
2453
1761
9224
6353
4817
7893
1569
14923
9231
13183
10808
14610
4782
12627
8403
4253
2584
8109
8984
6512
12547
4088
14942
4444
7124
13155
13305
2440
14308
13116
9067
4446
14038
5821
4731
8928
12630
12443
10451
11102
2365
11756
2041
13000
10834
12831
8288
13463
7648
11937
3365
4360
10382
3700
748
4549
8681
2050
6875
567
11597
14723
8455
11363
1604
2673
7441
14430
7993
11316
10721
11251
554
10048
4767
929
11736
2411
7698
11702
13939
4510
11071
6417
6608
1239
3776
9372
9657
13308
3460
5909
14343
6645
10076
14025
14366
2152
4495
13256
10064
5507
4885
14195
13396
14858
14299
5432
12852
12162
3873
755
670
6815
4802
6831
13555
13268
1822
1323
5977
3659
14739
4708
13189
9452
5789
13131
4922
11131
962
15
169
2832
11701
4683
6768
5031
9550
14766
6778
12851
4726
12475
1061
4968
4252
12202
4884
592
11345
971
12748
699
510
5086
5465
14562
1216
7620
12665
1905
5504
11156
12758
11346
13454
4272
6526
11361
992
14403
4758
8793
5967
2302
9127
5165
12417
12855
4888
171
13329
235
14440
2123
1324
6038
11376
3061
6952
13017
12495
985
11327
12940
3094
9787
7769
5871
10564
11716
3753
6517
4987
6128
3355
4895
8342
4871
14718
5731
5496
5544
6819
4806
14312
9572
12979
12701
13575
10231
11397
5166
9320
6104
9442
392
13887
1643
6829
8140
7814
12800
12742
13307
6771
7878
7077
1344
9683
3748
12455
14820
1111
4070
10829
13738
2443
14916
6788
12454
6584
14559
11460
9269
6821
6657
13143
6105
2885
450
5428
14428
13386
10844
926
14749
2195
1062
1290
7551
8583
2838
8997
5060
5583
3442
13951
8309
6386
8122
5322
10939
4887
10892
12688
1077
9147
1481
13079
2788
2896
6325
15107
12384
1396
14185
11019
11393
14769
4096
5207
3060
5727
10032
692
14568
3029
4142
598
14497
2148
227
12047
4363
7389
8123
13914
12241
5279
3056
685
5877
2004
12430
7345
6118
10187
2902
2463
44
12181
14238
13608
7661
11516
2192
3558
4099
14285
5347
1478
22
5973
11017
1945
14824
13659
6
12623
6119
2779
2323
14297
10790
8612
12386
1000
5335
2407
12879
464
11574
6747
5041
5147
14065
11148
5272
14047
5234
3903
3737
11623
8942
6002
10904
3267
3170
9284
13473
276
12988
10593
430
14424
5557
4773
8220
13607
1228
8679
12342
369
4347
14624
3763
5475
1662
6928
11717
8744
7
11117
10121
14472
8427
10648
753
11042
4047
666
12649
9040
14046
13992
13130
13221
14345
1468
7447
2318
5569
7388
11829
13610
14021
11654
10039
8091
1129
2356
5542
13634
14589
11250
12291
10926
14669
2398
2438
3384
3243
13635
12336
2199
7605
14011
6178
2095
10007
14393
13026
6254
836
13203
1035
10147
11401
4426
1720
14018
9877
14045
9499
1480
3951
7899
3380
12238
2604
14063
11021
5705
3304
5737
921
966
3000
6488
10659
3337
14067
4462
1432
3535
14429
13577
1951
11594
5044
9162
14053
5608
8517
11525
6267
14777
8798
3438
15003
7968
5350
9485
2428
11700
8722
10302
14707
1936
15007
14921
13375
12663
3719
4393
12870
11077
7189
4143
10138
1059
9489
10792
8209
14853
14869
11978
4979
12832
5804
9182
6845
416
11570
5188
6238
7856
543
1124
4311
6754
4645
2993
13440
11705
11743
12716
6710
11628
697
10599
6345
13688
13728
12573
13412
5997
6213
6870
3881
1022
3330
14442
3187
14992
12172
1712
6250
12333
10180
2307
6912
14265
7301
9187
11217
7285
6227
12669
1808
13384
2958
11588
4120
11022
11204
8417
13754
5607
7616
8419
8821
7466
78
7324
901
5708
4965
3296
11651
3067
12733
4616
2353
5109
9753
8053
1419
14443
14813
12578
12914
4029
12171
2875
5115
14814
3016
3443
5471
1028
14485
8920
1301
12427
327
10824
9959
3390
11517
4232
3887
13257
3894
14847
13665
14344
6652
12924
3134
8435
2446
14245
791
10905
13605
1219
6253
8971
832
3149
566
11194
5622
14332
9920
10658
11268
12953
12462
7337
1530
2663
2246
3401
3079
7397
5427
808
11878
1027
2151
13780
7251
8009
14878
8034
14786
8047
6231
2308
6468
5673
6334
13347
13653
13124
14798
5303
11414
2294
2610
7416
4931
1130
14799
4350
5713
3896
7682
3066
10428
9089
8187
4240
2244
8596
10535
4654
7112
4395
6464
8024
4599
9318
14690
8037
3397
10723
13433
8036
4315
782
12954
10331
10618
10312
4227
4213
7392
7586
2101
10961
11368
13638
6270
11740
8039
2676
8529
930
4595
1389
14994
8042
199
1449
2193
1845
2724
13611
8834
13107
13106
11417
13545
10371
4502
13991
10141
2299
8761
8184
1477
10131
4507
8474
11158
4647
11927
7901
8057
9246
11056
13144
11761
8366
702
10745
15014
11851
3645
4113
5135
3020
7268
919
131
7478
7233
9500
4247
1069
12362
2791
6484
12339
12043
14338
10964
4563
12894
11744
12732
7320
6856
2830
10123
11115
9626
10403
13889
1594
704
1713
200
8683
1861
7598
4872
5882
12768
5984
11501
8929
6703
6892
11223
4635
7109
11181
2769
9215
13104
6436
14651
2746
8015
6019
1390
4998
10108
13234
12317
6973
6866
13628
781
11146
988
6725
13103
14409
9088
1502
4491
4497
3855
7430
1135
4293
4900
5971
14785
9501
13275
13003
12030
3818
3099
5240
8672
848
8838
5080
5081
2264
7219
4445
13350
4546
8084
5870
12356
4715
10761
14679
1859
1614
12624
819
10054
4192
10883
14264
1472
3295
7154
14727
516
2332
5810
14808
5099
14447
4882
7015
1862
12116
4386
11496
4619
6745
12340
3528
1926
14675
2277
843
8080
13953
12048
8901
4556
6416
11272
4435
1801
12092
9601
7482
1911
7516
5868
5672
8055
2876
438
11869
7190
6329
7195
13101
8305
3936
2722
14597
12753
12232
5137
973
6279
461
8316
1621
5114
13481
2921
5102
14213
10069
6955
13594
3510
7515
12757
5397
5078
12419
6368
7665
13660
14728
5068
11599
10807
5883
388
8738
889
383
9603
1350
5974
9165
4870
8631
12737
4836
5885
60
2657
2371
3647
5341
2792
5087
5626
2063
5261
7082
3334
9958
3179
4720
10014
5409
7362
414
5889
145
2858
9904
1737
11532
2372
12282
12197
350
5283
14990
3107
4952
5988
13756
1950
14361
13030
14546
4453
14807
10029
11108
7659
2383
3869
4586
10517
5138
14580
891
13406
2964
9164
12000
12068
57
12915
3175
460
1817
8307
12097
3166
11033
14394
12906
1735
7805
10098
23
13149
8792
1346
13641
6670
7474
5378
5195
12500
10803
10074
1486
11302
5411
1600
1790
5412
9166
12461
11888
14638
13266
2649
5294
6365
2758
14267
1910
11278
9094
2085
6307
14049
5892
5550
5176
5171
9139
12228
4615
6742
5302
13263
10522
390
10309
10919
3083
1462
5187
10603
3082
1237
5399
5275
807
1984
1173
6922
1507
6743
4617
8126
5304
7387
322
5434
6696
14595
9909
6491
6033
12372
12911
9905
6198
8952
13822
6511
794
9506
12934
4387
9059
3100
13321
5098
13236
12702
7485
10386
10963
639
11407
13289
9338
876
12177
5711
8731
14649
3403
11618
661
12786
6750
4630
7120
1378
9027
13097
2297
13028
1576
10938
11427
947
11820
6396
12817
13961
11737
9024
4567
1835
10796
1546
14029
8825
11918
5755
12438
4501
11824
13059
1447
3551
8742
11431
11144
8576
11720
1376
7473
2248
7982
7158
13219
12039
1548
9594
3037
3084
13974
4652
3142
14336
3459
28
10585
8451
10057
7171
6594
11983
8698
5308
7322
8124
10474
10529
10158
3399
12824
5718
3493
7160
14632
818
14252
12670
11925
7200
12608
974
6919
12099
5791
13360
4098
6712
8082
5391
5712
6827
1345
5869
925
10119
7356
12270
8306
3435
11789
2582
6716
10671
10722
10409
10482
11684
7230
13806
14670
2622
455
2415
12796
9028
1597
1479
8182
4469
10710
2305
8809
7573
10730
10359
7597
10458
5941
4680
806
6624
1602
6722
11981
1509
1302
13985
9072
7931
4734
13034
1458
4598
1540
7493
5305
11027
13280
4254
2273
9025
13805
7234
3650
13238
12316
4613
7585
2741
4580
14054
9157
1946
730
13821
3462
10886
5290
14912
5330
8700
12790
690
5070
14317
6759
4640
4524
1354
11258
6825
7207
4568
10400
4637
13571
4584
8035
660
10724
13220
11646
12361
12947
9316
257
11653
1132
8210
6335
11057
4821
2261
6532
4542
7676
2286
4235
9957
4484
9229
5466
5316
4707
7370
1997
774
14364
13955
5136
11993
6475
6671
3375
4153
86
13290
12196
14262
11228
11719
4075
14357
10541
12887
10822
8379
813
8046
11536
14263
12418
6902
6982
6981
5792
7816
11919
4733
87
2377
799
6266
339
13012
9566
13011
1592
7271
3085
12230
3104
10615
261
6589
5986
14351
1641
10030
1503
8701
5632
3573
14816
14848
525
14648
8762
1703
14354
8763
7172
7013
9890
1709
7330
8892
6196
5323
945
944
7203
6837
8765
11475
9154
13588
52
2895
7220
7377
11560
1967
1860
10682
11831
9185
9186
2479
8294
8295
5395
13324
805
2071
3106
8437
3202
9564
14691
14325
3740
14008
1965
1964
14341
9911
10894
12920
14324
9556
5611
14326
12038
9163
12885
5403
10826
12754
14048
14328
10053
12927
9563
4976
5429
3444
6836
14436
7827
802
14339
13084
5746
2627
10111
13895
2384
1034
12931
9565
6004
12065
10692
12229
3750
7004
11546
7591
8110
7115
4557
6456
13245
7060
9961
13438
9562
14685
12402
12930
6070
8590
10708
9962
14588
10015
14640
14337
10017
94
6131
9963
411
92
5987
5208
5209
12884
173
1494
2752
13746
12437
1682
1732
1545
10993
7429
9866
4536
7420
14886
14817
9922
8572
152
9350
1554
14639
13574
2821
12922
9965
9557
8998
14642
5943
10195
9586
3073
14687
11891
12166
13689
923
12456
5179
9590
7007
7939
6304
4313
4314
5710
8083
800
3173
12650
7577
12594
5740
12550
29
7328
14373
6453
7729
1623
13547
5891
1598
6862
13222
12929
3089
6052
529
9228
6713
3734
11141
3146
3860
2249
9351
11106
1638
14058
5896
8381
6239
1490
10022
13916
8554
11629
9569
7849
4719
5103
5141
3544
13035
8132
6030
3665
6241
11542
9923
4794
5243
6714
12815
6084
9108
9612
12923
1450
13435
5244
11592
11388
8735
1433
1670
12919
6600
1547
9604
12712
13472
12992
13402
7967
12893
11871
12442
10596
12773
77
11399
11609
9561
13792
11668
9908
10623
2661
3055
4538
417
14584
13195
5905
7983
801
3862
2891
14560
250
5900
4967
12240
1608
10016
10632
1553
11026
1935
10937
10034
12036
11616
14358
12040
9611
5739
5076
3110
796
12492
3741
3746
2140
6951
8394
190
6726
7174
13109
7947
3570
193
9084
5904
1307
69
456
6034
10021
6049
3536
4874
1555
3398
2067
12274
7999
6215
2314
6031
12035
8075
11790
11615
13252
1796
4330
7041
11063
13759
2295
2626
6435
1795
6428
10616
8135
5192
7170
10432
9352
3992
10622
12823
12620
9510
12696
12699
3312
2658
4859
7383
11096
8917
14057
4203
6068
522
14350
12373
13032
6265
2923
7470
1518
6312
12381
13317
95
1526
12452
12925
6297
6235
13949
3093
4626
6748
2628
1467
1031
14721
3688
5887
3231
13216
13217
2382
14818
10033
9929
1990
14258
121
410
12034
14222
3918
9571
9868
11581
793
9521
14775
14558
4868
11562
2537
2899
530
1898
10602
4714
1764
1994
5678
2938
11631
1577
948
12655
5106
13125
5
13995
12198
4305
8085
12997
9955
10516
1692
4957
3135
1784
12600
8106
9960
797
1635
1504
5256
1677
7210
11742
7822
9128
4086
13389
9333
3471
10006
9542
12130
2247
253
12844
4345
4656
2283
6760
1954
1731
10095
6288
5100
9494
10928
13027
10631
8704
5349
9522
5854
4460
10470
8392
5430
10629
3527
12806
11270
9910
7898
12389
10188
6226
13969
10818
2142
9954
11687
10394
4973
9495
61
8397
6331
6358
2721
5775
10056
6048
9629
13587
13774
4503
5894
1133
1506
1508
12374
975
10569
1060
13235
10036
7981
11805
14594
7945
8836
5819
6534
10586
1590
1806
5181
5123
413
4992
5675
572
3816
14435
1240
5182
11821
9621
7678
14044
6389
12892
5152
4706
10105
2954
434
14010
9263
4222
509
14416
11575
14525
2245
9136
4500
7114
12918
3115
7113
1589
14389
931
729
5324
7117
7118
5693
12805
2293
14547
7372
9593
1805
3656
9881
7202
750
4092
2088
9199
968
10073
9581
13962
6096
1948
14575
9875
12682
3553
898
7869
7232
3103
2728
7394
1736
11726
8001
5879
8111
5281
1175
6682
389
3681
5647
840
4209
13739
8032
5071
531
1505
5893
1637
4994
2765
11539
1631
10090
12579
9560
2073
14518
11533
12018
6289
14671
12651
2822
8768
1360
9296
12140
14349
9047
3382
4737
1126
4988
8081
5039
10012
8233
13546
7584
10781
12917
521
6097
8766
9223
5540
5899
1785
9592
3498
2427
10051
10996
14372
14055
1985
1988
2655
6255
7580
12161
3511
13548
381
838
11589
1403
3332
1674
7989
10719
13758
7847
14287
12505
7338
6044
4561
6727
12644
12429
14307
1464
12982
9112
14623
10941
3687
12983
13825
2419
2625
6887
5276
7592
9247
10127
10999
14887
1457
3137
5635
7208
14625
9558
5000
9068
2703
2704
13570
9860
5897
3311
14281
9198
12536
13960
13959
3713
14477
4704
14978
1401
13603
6207
10720
14426
683
2907
1482
3769
5605
8740
7491
7929
8470
9595
6578
2928
365
1117
3946
684
10582
3321
2543
7957
13609
741
2109
3165
2154
3890
4711
2640
14507
2171
4316
816
3389
2755
2459
10815
5413
835
3678
14073
13604
790
6633
727
13411
13983
10628
10236
8607
10449
1930
79
585
5284
1899
8103
11099
9754
12237
5392
5541
9430
8387
12584
9505
7518
9584
10423
8059
7850
5571
890
635
12984
5866
5197
14860
4997
507
11481
14702
10814
7581
12826
7367
3333
7765
1248
9496
2727
11246
5249
3870
3391
5189
5998
1931
5999
5602
2637
4978
10962
4985
3609
1443
68
5692
2999
4492
4126
4972
3318
12098
1906
7857
14050
2040
6181
7425
5111
5406
11261
3948
14259
12558
630
8523
7514
10406
6020
380
11145
822
12222
3878
9313
7865
6069
12801
12667
11150
5278
12159
746
8257
14484
13993
12599
12345
8446
8134
12956
1591
10204
12782
14417
499
5547
5077
3153
53
642
8063
13593
10420
5357
1762
10068
5286
1420
5582
5051
6632
2482
8062
3306
5907
7673
13954
12590
409
2355
5340
2331
12453
13568
1413
13803
9843
607
7517
1176
2408
3801
1491
5750
5929
1174
4328
9023
5875
10184
14056
8234
2817
2176
6000
1836
11001
777
3012
4552
1142
3131
9585
4110
11580
10167
7319
12246
7607
2005
13449
1800
14028
3002
14439
9502
34
2126
5074
14596
14483
3432
1523
13932
13694
6679
14362
65
11666
4607
6738
72
798
5145
1748
3439
7303
12575
2766
7012
3174
4204
1362
5535
12469
9153
7298
13443
8767
5362
5065
11688
5075
6474
831
1777
45
789
13701
8367
10627
14673
5104
10955
8070
11650
11429
9020
13179
2250
2255
1500
8954
13267
9083
4960
9204
2380
12977
1138
13080
1341
2418
1629
8438
10527
13980
4299
8043
6278
3886
12916
12622
4239
14970
12811
260
815
1150
13439
12551
13513
5865
13478
14320
13790
13812
11961
14663
9133
11622
2502
1581
8402
1223
10560
12346
4140
13597
7255
14410
12736
11521
1778
12192
354
10040
13407
13918
4115
11240
75
13008
8444
8051
6311
5117
9075
2612
6123
11105
769
6248
917
5847
382
14605
6251
687
14980
14581
6366
9146
5809
6867
14305
6369
9150
7110
1066
5917
6968
3884
5855
1300
1963
8556
2572
12017
4457
11121
754
3282
2812
13931
5631
12126
274
11966
14850
11528
11529
924
14272
14242
10612
7588
678
4822
13672
6835
4655
5949
7081
6802
6731
10974
4620
7263
8519
4657
6761
1900
1408
11940
2313
7018
13616
2388
4915
4451
792
6990
1675
972
4198
9535
5241
6247
13613
7257
12878
13986
4880
14783
12502
5822
14024
12289
3476
12647
9048
1918
3885
811
2065
8726
7788
2290
7059
7138
7368
4956
12307
10222
13791
1624
13996
13677
3761
4271
6841
4112
11980
12804
11016
4698
12371
5825
9319
1933
14870
3895
1850
2426
7923
6418
4370
14277
2325
7070
2234
12803
7221
8211
10546
13824
3446
7680
1853
1154
6467
2349
5036
13029
7870
3534
12596
4672
7111
12465
916
13890
11416
4506
13657
12191
4149
4768
4943
4983
1055
3430
4833
9255
7937
13098
9143
5782
8969
3660
8196
3752
9986
7601
1552
1267
5766
12820
5426
1489
8314
2991
9105
13612
12096
710
7579
4042
13633
13965
10174
10220
10102
4834
1471
13218
6597
1032
2451
6950
10169
12264
10975
11020
1020
7801
8974
8248
14300
14872
14925
1681
1770
3119
10518
1914
3425
13448
8302
11595
3406
9085
4581
12195
2278
3426
11991
4189
11970
1036
8837
11733
11954
14964
12085
1269
1368
8409
90
5725
9159
13718
8870
2260
11951
14788
3245
9096
4361
14302
14988
14490
9416
12051
2997
6593
11301
2492
11948
14037
12269
4814
8155
1325
2469
4682
4006
7938
14481
6565
8021
12367
4530
3396
9610
10291
11470
1044
14519
7458
8569
14502
3686
12897
1332
4165
11973
12618
14915
11029
2575
9076
15083
3466
3611
3610
1068
11423
14789
11648
11959
4378
11949
2794
12900
5872
6209
7020
9217
6872
4825
9211
6323
11239
2399
9394
280
8195
2304
11947
3461
2510
8319
14282
7178
1613
7889
3891
9152
10654
1908
7084
2268
8719
7900
9064
8076
7258
969
8038
4990
1571
1042
4823
8902
7602
6826
10617
6737
4606
12304
12837
9609
10898
14646
10475
3377
6538
1058
12266
4303
12203
2187
15002
2789
1982
1625
6053
6245
12574
12310
6978
6843
8108
13173
10662
10417
2586
12839
2359
7825
14974
1981
5676
7894
14966
8662
13921
13615
6439
9016
8473
13801
4873
6935
14790
6971
4073
1208
7995
5852
4193
804
2834
6721
8430
2256
5848
5480
4636
11619
11348
6058
878
3136
249
6201
1688
3015
3281
13459
5037
10091
2780
2719
1583
2982
9861
14215
6749
2665
5786
9424
6176
30
4945
4558
13595
2164
2210
2656
2033
11530
14237
8158
13410
13009
1270
2155
13447
1123
6518
10137
6094
14967
4896
10140
2406
1311
4508
3477
6262
11680
1875
1456
4528
5280
8599
7442
12597
1243
12761
2253
1904
6153
8706
8955
14654
14557
8054
11703
11994
6032
961
2390
14198
11092
5834
10799
1998
11652
11220
360
1566
2707
6883
15041
11351
13963
7694
10465
6275
6261
12459
11473
8580
8581
8214
13632
2099
1009
12943
9568
2745
4629
10924
6758
344
217
2925
12207
14805
3011
13477
14062
10046
160
8791
8230
5121
12473
13710
809
5743
11982
13403
6141
6268
935
4091
13432
11996
6893
13592
5271
2708
9949
6698
14737
1661
6953
12945
12944
3680
10651
13970
14781
5390
8239
4456
13823
12088
904
826
1934
9948
13779
4927
47
10103
3010
11769
3008
2536
349
6072
695
13719
2351
11247
2319
15017
470
4625
3141
9503
7182
4676
4545
7177
5549
5035
2158
11880
4564
13033
14776
13489
1572
479
3575
4196
1847
2094
12101
13271
13264
4632
11480
15079
2689
2775
14844
8565
10031
3117
6823
10956
2134
7732
11708
8508
4677
401
542
14823
4776
13345
14896
6803
14726
1218
10505
14438
7571
10191
538
10418
7492
10375
4026
9497
14052
9191
7915
5790
10732
4899
330
4107
6752
4641
8408
2773
3644
11535
14209
12365
6879
984
5366
73
5463
14553
14738
1582
10026
11324
3436
3906
7904
10595
9854
12024
12652
11160
3223
9018
5719
7410
13966
13123
15067
991
7796
1620
4130
2598
3494
11892
14909
11520
14381
2642
9329
2668
8975
13920
9026
10227
7179
10361
14474
13293
4170
4281
12019
8724
4297
2163
10638
14175
4211
2179
10543
7733
10984
8414
3630
10591
5634
13262
13197
8247
10664
10973
8670
292
6290
14736
1380
13135
11174
7908
14926
11062
11515
5292
4815
4171
10943
10690
11534
15068
5932
10240
11249
14889
11691
2379
2597
1793
12265
15078
7658
14784
10626
10378
15071
4228
12205
5808
8488
10391
7785
8933
7180
10512
7121
14697
7145
8982
7046
15066
8718
5828
7565
4168
14212
11865
13213
581
12149
11200
7913
11608
10831
700
7842
1786
5831
6833
10340
13043
10118
1588
1156
6804
130
3791
4777
13185
951
9900
5028
6707
3364
8676
10398
3316
11205
1438
7873
15101
11411
14418
4696
11674
6705
11755
10656
7265
4246
7539
8600
3615
11386
2013
1441
12604
8099
7293
11751
3266
5961
6985
4891
11138
4757
6991
9043
8095
11161
9878
4749
14254
583
13253
12528
7707
7133
3720
13898
8119
2024
7895
10771
11180
4753
4533
2503
2607
11754
6888
8493
8545
4087
1161
3625
4746
11356
4547
1659
7211
8815
14827
6863
621
8603
2378
5853
7031
5878
361
5054
12300
4939
13070
8785
7253
10050
12908
12028
1616
9983
1650
5846
9490
12533
12164
10601
12543
15048
1690
10410
15069
7306
7883
15110
6924
6858
12370
10992
10590
14462
14414
4184
3673
10636
7845
14420
7639
8677
3180
539
5915
7777
13764
3902
4699
8255
5159
6891
10600
8259
2609
15100
15049
2605
10192
7374
982
906
12561
7513
10467
3725
8830
1310
4489
8910
2017
15077
4410
6316
9985
14706
13700
2424
11362
8852
12861
11157
1634
12781
117
7918
2467
1715
13935
4233
3947
8041
10532
2691
4191
10699
10500
10364
4338
2316
7327
7645
4906
8782
9628
5815
7691
1180
6324
8120
10572
1584
4521
10979
9015
11289
8027
5858
7249
14839
2763
2623
8150
12013
10798
10133
13379
15012
6969
1915
2759
11349
4282
10957
10800
10802
9131
11765
14460
6273
6274
8382
5818
12698
4186
1431
13674
11219
15040
6458
6337
13972
14873
993
9534
8725
1776
3580
10526
5799
8320
10645
2081
6583
4356
8073
14322
6733
4325
6272
4298
11690
13314
2298
4238
10362
1392
4597
7139
2420
10293
13248
4327
2977
14279
4194
3993
2110
3475
9297
12186
6340
11815
903
3114
14641
8067
1909
9347
1619
11764
2445
191
11513
11627
10797
1560
1563
2069
3492
1352
3164
7600
8953
8566
10653
2104
2282
1830
7868
9472
9340
11076
5177
9491
740
12084
8088
3648
2548
10661
4332
9716
4470
9079
10551
11075
11837
1642
1768
4294
10782
7073
14771
4566
4401
14273
980
14268
1932
8903
4008
1755
11358
14891
6857
11760
2393
8595
1971
10486
2594
8666
1446
12648
4296
4853
12002
6400
5778
6081
6954
8516
10019
2576
3416
11924
12208
7185
3935
7990
14647
1685
14151
996
2221
7481
11864
514
13967
10426
4576
7690
9253
3841
8050
7049
1536
6766
5314
13162
6709
12023
398
15004
4320
13810
1167
11403
9240
7763
7994
5749
1752
7131
11294
3546
4147
10104
1848
6249
6355
303
13658
4897
8064
10641
13695
6730
6957
10501
11028
2143
12625
8156
981
7798
3538
6557
11571
1242
6505
8362
7655
10506
13295
12656
8440
1386
8212
7317
8999
2409
12933
10613
10487
1366
7135
2279
6463
3883
10786
14286
760
8678
15011
8810
5532
6460
4582
12819
12548
2287
8338
10650
6854
13276
14907
2208
812
14329
11449
3749
12325
2669
4465
5527
4450
14278
10162
8044
8121
4141
11254
12375
13102
8297
12912
10446
9071
10577
8086
11495
6018
10318
1021
1858
14997
10523
13981
7270
10294
1746
12880
8777
6619
7264
965
212
4237
4148
7710
9498
771
3863
12020
10152
2795
10218
1407
698
10953
10413
8098
4372
4438
15085
12842
10117
6751
14652
12158
10308
12210
609
5769
4648
810
3838
15009
4439
4653
6885
1522
3101
6377
5134
10396
2333
11224
1109
5113
14051
6911
9066
10828
7942
13696
4633
2387
2111
4609
2348
5874
3833
2272
13997
5898
12937
209
7608
2103
6995
14013
779
14914
8092
13600
6762
7488
11193
12279
6154
1364
1497
10210
10674
9117
6298
1217
11226
10958
849
7225
14645
12660
6260
7153
11818
247
6438
6401
10766
6620
15089
4160
548
8033
4251
10583
14437
860
13990
14972
11402
12721
9144
10142
1972
7297
6485
8737
6755
4210
13678
1097
10207
6321
10637
11590
5317
10902
5116
10965
5794
579
10791
825
49
7352
7148
12595
10129
6571
11298
997
6734
8692
11216
10440
12714
13193
4604
11541
9488
7778
4866
2106
195
7311
7797
10789
10322
2477
9100
10478
13975
4627
12281
13105
14911
4218
13156
7061
9627
4442
1439
1687
7469
667
6509
3054
6046
2737
13334
12358
4485
12542
1902
10130
4523
6839
10402
6414
4509
7726
4621
5985
14539
8601
10885
1648
14913
920
14653
12825
829
9145
11586
13279
7969
14838
10611
6834
11572
12344
2391
14809
9598
915
13994
13549
14910
2322
13795
9222
7650
6840
293
3502
12895
1829
4185
4440
4448
6636
14244
10675
2814
13752
4270
998
13399
7184
6465
11828
10360
2235
213
5820
5783
4215
4881
10519
13391
11164
14731
14494
10884
1686
10311
1330
8682
7483
10555
6736
8243
4574
8680
7064
7609
13602
6702
6322
12643
844
6200
11116
4526
11284
6899
1781
1678
4623
4570
6437
11803
13259
4579
204
7480
5633
12175
8116
2263
8748
6865
13745
5770
7867
2574
7079
2130
5950
1452
4948
1949
4902
8078
4646
6478
13751
772
1799
979
12056
11428
8621
5768
11472
12876
14161
7261
11577
4155
13675
7347
8197
4670
4631
13110
2276
13190
7728
12955
6296
4671
8333
13989
10387
14032
5765
1787
10929
8179
2784
4102
3441
14981
4883
7273
4354
12471
8391
1586
4214
5781
7838
9103
7141
246
11579
918
13583
13121
8530
11963
13640
4441
207
10401
10925
4666
4220
14014
2456
922
8065
13886
2786
12046
8293
163
1841
2113
4490
8204
1326
3980
6864
11023
10230
7259
824
10954
2437
12290
11786
10765
14164
8593
9876
3627
11024
6228
12722
8079
12843
223
4934
10680
11526
2756
12244
6455
3899
4643
15080
10450
10575
15034
1252
7363
12277
537
4243
8571
3842
13174
10181
7156
4573
11366
14871
8005
1844
7966
6546
2473
14163
2320
6406
770
1683
6240
13711
9022
12740
7214
7140
6199
6237
12081
1136
11509
3732
15032
1510
10578
12160
11295
9090
2782
10725
14482
320
9148
8040
7686
1975
795
364
2082
1348
10197
11578
2760
12512
9055
10459
8384
7789
8077
11830
10712
4504
6925
4908
4590
15090
6442
8066
1920
5787
11610
14762
7209
8684
13283
6446
15030
14959
7044
7902
13426
10556
9053
8443
8779
10701
1976
7489
10568
14957
11367
8923
15015
6728
4624
14810
9082
4479
9168
13776
8518
2417
830
9149
4307
2057
4452
272
4649
9014
14719
15036
14851
8186
7196
201
4665
5876
2105
13099
2454
7689
756
10812
1679
7743
4461
3809
10146
397
3479
7065
11644
11956
4324
4901
6855
2352
11995
1356
2340
4263
9353
9002
13299
8031
3402
4904
12845
14635
4663
6735
1373
11992
959
10156
10128
11253
2284
15088
3404
1846
14689
14774
1043
7917
10365
1535
8552
10116
1334
1299
10683
4437
7570
4161
7067
12834
10201
14772
12472
4851
11857
3003
2289
2753
4844
1233
1122
12221
11196
10489
5908
6216
7656
14757
8589
4661
7102
4664
5393
10155
9021
7216
2988
6242
4010
11486
4190
13979
9169
9337
13365
9113
12546
10473
2160
9102
14732
13725
11977
3949
9177
5355
11312
14513
3478
5353
5091
6243
13661
7194
6906
8241
11323
11297
14977
10429
1779
14544
8018
2114
13915
15006
3431
5806
4443
8412
10430
11843
1226
4886
4478
1815
14228
6559
4268
14770
295
9195
291
6291
10145
3755
11090
13089
4575
12662
3548
6332
4069
3717
4591
8594
7159
10247
8644
5534
6229
6720
1501
14398
5252
1071
1890
3822
3458
8089
2652
4845
2115
11176
1333
14034
1996
1374
5859
6757
4651
8743
10209
363
7090
13566
9326
6756
3805
14730
2233
315
4226
3802
12717
9194
8472
14971
4811
14760
12050
11195
12481
859
8515
4449
7066
6795
696
8588
14927
14321
6424
7132
7772
5090
7774
9219
7127
14928
12827
6874
13950
841
15082
14261
11817
10488
12493
11422
8242
2987
14270
251
7762
3506
12519
2866
12466
5801
3419
2309
14703
12695
7704
1857
5262
13277
7193
13380
4849
2300
11398
7891
7326
1088
11984
7479
1229
8436
13091
11962
14060
14296
12200
7925
14534
933
3694
13212
5662
14066
14319
4103
12850
6873
5840
3901
3900
10821
15028
7754
6348
6595
5948
11968
907
13311
9155
3808
10750
10233
9087
647
7459
194
1067
2392
12730
5180
5343
13090
2930
8868
6224
13303
14802
2468
8315
7800
9092
2651
3722
12220
4932
10332
9197
14855
5477
10853
854
10855
8668
12049
8058
5175
12770
10536
4862
1516
1919
13877
282
10584
6592
12369
14868
9328
316
215
6741
9107
10001
4116
4898
9251
14900
9291
9245
9285
309
8143
2998
321
14875
9250
4612
6598
12494
14917
3736
2064
12749
7692
4005
4334
4348
8218
208
10735
5199
10380
8188
2116
7731
198
9407
210
14854
7574
11478
10914
6605
1349
2591
13326
10234
197
3414
1772
10232
6205
10303
1211
8862
8652
11706
11079
10408
15019
13714
3039
2475
8660
6901
13327
10010
731
4236
5436
1525
12288
12744
1747
2180
14220
12865
12165
9335
7568
10744
4865
11692
476
709
2762
6212
5342
4548
1496
1775
8981
8912
4359
4587
6281
3847
13297
8334
6732
4592
2596
3744
14758
4571
5040
13298
11781
11230
8913
8851
9538
1611
7144
10868
13662
11074
13069
2338
10614
4977
12552
13460
13312
12621
7042
10237
12563
7011
4667
3921
14102
3577
8816
7099
6859
8688
13461
718
14203
7963
6889
4634
14661
14943
6001
12127

