3205
1610 140
0
2
3
279
278
4
277
276
275
274
273
272
271
16
17
18
19
20
21
128
127
126
125
30
31
32
29
28
27
26
22
25
23
24
14
13
12
11
10
8
7
9
6
5
1
242
243
241
240
239
238
231
232
233
234
235
236
237
246
245
244
247
250
251
230
229
228
227
226
225
224
223
222
219
218
215
214
211
210
207
208
209
252
253
254
255
256
257
258
259
260
261
262
263
264
265
266
138
137
136
135
134
270
269
268
267
140
139
148
141
142
143
144
145
146
147
149
150
178
151
152
156
153
155
154
129
130
131
132
133
15
248
249
206
205
204
203
202
200
199

1595 140
1
0
2
3
279
278
4
277
276
275
274
273
272
271
16
17
18
19
20
21
128
127
126
125
30
31
32
29
28
27
26
22
25
23
24
14
13
12
11
10
8
7
9
6
5
260
259
258
257
254
253
208
207
210
209
252
255
256
249
248
247
244
241
240
239
238
231
232
233
234
235
236
237
246
245
243
242
250
251
230
229
228
227
226
225
224
223
222
219
218
215
214
211
212
213
216
217
220
221
203
202
200
144
143
142
141
140
139
138
137
136
135
134
270
269
268
267
266
265
264
263
262
261
15
133
132
131
130
129
154
155
153
156
152
151
177
176
181
180
179

